 v-sweep v(n_buf_out) v(n_aaf) v(n_buf_out)
 -9.000000000e+01 2.499044980e-02 -1.499999895e+01 2.499044980e-02
 -8.937000000e+01 2.499044980e-02 -1.489499896e+01 2.499044980e-02
 -8.928000000e+01 2.499044981e-02 -1.487999896e+01 2.499044981e-02
 -8.865000000e+01 2.499044982e-02 -1.477499897e+01 2.499044982e-02
 -8.856000000e+01 2.499044982e-02 -1.475999897e+01 2.499044982e-02
 -8.793000000e+01 2.499044983e-02 -1.465499898e+01 2.499044983e-02
 -8.784000000e+01 2.499044983e-02 -1.463999898e+01 2.499044983e-02
 -8.721000000e+01 2.499044984e-02 -1.453499899e+01 2.499044984e-02
 -8.712000000e+01 2.499044984e-02 -1.451999899e+01 2.499044984e-02
 -8.649000000e+01 2.499044985e-02 -1.441499899e+01 2.499044985e-02
 -8.640000000e+01 2.499044985e-02 -1.439999900e+01 2.499044985e-02
 -8.577000000e+01 2.499044987e-02 -1.429499900e+01 2.499044987e-02
 -8.568000000e+01 2.499044987e-02 -1.427999901e+01 2.499044987e-02
 -8.505000000e+01 2.499044988e-02 -1.417499901e+01 2.499044988e-02
 -8.496000000e+01 2.499044988e-02 -1.415999901e+01 2.499044988e-02
 -8.433000000e+01 2.499044989e-02 -1.405499902e+01 2.499044989e-02
 -8.424000000e+01 2.499044989e-02 -1.403999902e+01 2.499044989e-02
 -8.361000000e+01 2.499044990e-02 -1.393499903e+01 2.499044990e-02
 -8.352000000e+01 2.499044990e-02 -1.391999903e+01 2.499044990e-02
 -8.289000000e+01 2.499044991e-02 -1.381499904e+01 2.499044991e-02
 -8.280000000e+01 2.499044992e-02 -1.379999904e+01 2.499044992e-02
 -8.217000000e+01 2.499044993e-02 -1.369499904e+01 2.499044993e-02
 -8.208000000e+01 2.499044993e-02 -1.367999905e+01 2.499044993e-02
 -8.145000000e+01 2.499044994e-02 -1.357499905e+01 2.499044994e-02
 -8.136000000e+01 2.499044994e-02 -1.355999906e+01 2.499044994e-02
 -8.073000000e+01 2.499044995e-02 -1.345499906e+01 2.499044995e-02
 -8.064000000e+01 2.499044995e-02 -1.343999906e+01 2.499044995e-02
 -8.001000000e+01 2.499044996e-02 -1.333499907e+01 2.499044996e-02
 -7.992000000e+01 2.499044996e-02 -1.331999907e+01 2.499044996e-02
 -7.929000000e+01 2.499044997e-02 -1.321499908e+01 2.499044997e-02
 -7.920000000e+01 2.499044997e-02 -1.319999908e+01 2.499044997e-02
 -7.857000000e+01 2.499044998e-02 -1.309499909e+01 2.499044998e-02
 -7.848000000e+01 2.499044999e-02 -1.307999909e+01 2.499044999e-02
 -7.785000000e+01 2.499045000e-02 -1.297499909e+01 2.499045000e-02
 -7.776000000e+01 2.499045000e-02 -1.295999910e+01 2.499045000e-02
 -7.713000000e+01 2.499045001e-02 -1.285499910e+01 2.499045001e-02
 -7.704000000e+01 2.499045001e-02 -1.283999911e+01 2.499045001e-02
 -7.641000000e+01 2.499045002e-02 -1.273499911e+01 2.499045002e-02
 -7.632000000e+01 2.499045002e-02 -1.271999911e+01 2.499045002e-02
 -7.569000000e+01 2.499045003e-02 -1.261499912e+01 2.499045003e-02
 -7.560000000e+01 2.499045004e-02 -1.259999912e+01 2.499045004e-02
 -7.497000000e+01 2.499045005e-02 -1.249499913e+01 2.499045005e-02
 -7.488000000e+01 2.499045005e-02 -1.247999913e+01 2.499045005e-02
 -7.425000000e+01 2.499045006e-02 -1.237499914e+01 2.499045006e-02
 -7.416000000e+01 2.499045006e-02 -1.235999914e+01 2.499045006e-02
 -7.353000000e+01 2.499045007e-02 -1.225499915e+01 2.499045007e-02
 -7.344000000e+01 2.499045007e-02 -1.223999915e+01 2.499045007e-02
 -7.281000000e+01 2.499045008e-02 -1.213499915e+01 2.499045008e-02
 -7.272000000e+01 2.499045008e-02 -1.211999916e+01 2.499045008e-02
 -7.209000000e+01 2.499045009e-02 -1.201499916e+01 2.499045009e-02
 -7.200000000e+01 2.499045009e-02 -1.199999916e+01 2.499045009e-02
 -7.137000000e+01 2.499045010e-02 -1.189499917e+01 2.499045010e-02
 -7.128000000e+01 2.499045011e-02 -1.187999917e+01 2.499045011e-02
 -7.065000000e+01 2.499045012e-02 -1.177499918e+01 2.499045012e-02
 -7.056000000e+01 2.499045012e-02 -1.175999918e+01 2.499045012e-02
 -6.993000000e+01 2.499045013e-02 -1.165499919e+01 2.499045013e-02
 -6.984000000e+01 2.499045013e-02 -1.163999919e+01 2.499045013e-02
 -6.921000000e+01 2.499045014e-02 -1.153499920e+01 2.499045014e-02
 -6.912000000e+01 2.499045014e-02 -1.151999920e+01 2.499045014e-02
 -6.849000000e+01 2.499045015e-02 -1.141499920e+01 2.499045015e-02
 -6.840000000e+01 2.499045015e-02 -1.139999921e+01 2.499045015e-02
 -6.777000000e+01 2.499045017e-02 -1.129499921e+01 2.499045017e-02
 -6.768000000e+01 2.499045017e-02 -1.127999921e+01 2.499045017e-02
 -6.705000000e+01 2.499045018e-02 -1.117499922e+01 2.499045018e-02
 -6.696000000e+01 2.499045018e-02 -1.115999922e+01 2.499045018e-02
 -6.633000000e+01 2.499045019e-02 -1.105499923e+01 2.499045019e-02
 -6.624000000e+01 2.499045019e-02 -1.103999923e+01 2.499045019e-02
 -6.561000000e+01 2.499045020e-02 -1.093499924e+01 2.499045020e-02
 -6.552000000e+01 2.499045020e-02 -1.091999924e+01 2.499045020e-02
 -6.489000000e+01 2.499045021e-02 -1.081499925e+01 2.499045021e-02
 -6.480000000e+01 2.499045022e-02 -1.079999925e+01 2.499045022e-02
 -6.417000000e+01 2.499045022e-02 -1.069499925e+01 2.499045022e-02
 -6.408000000e+01 2.499045023e-02 -1.067999926e+01 2.499045023e-02
 -6.345000000e+01 2.499045024e-02 -1.057499926e+01 2.499045024e-02
 -6.336000000e+01 2.499045024e-02 -1.055999926e+01 2.499045024e-02
 -6.273000000e+01 2.499045025e-02 -1.045499927e+01 2.499045025e-02
 -6.264000000e+01 2.499045025e-02 -1.043999927e+01 2.499045025e-02
 -6.201000000e+01 2.499045026e-02 -1.033499928e+01 2.499045026e-02
 -6.192000000e+01 2.499045026e-02 -1.031999928e+01 2.499045026e-02
 -6.129000000e+01 2.499045027e-02 -1.021499929e+01 2.499045027e-02
 -6.120000000e+01 2.499045027e-02 -1.019999929e+01 2.499045027e-02
 -6.057000000e+01 2.499045029e-02 -1.009499930e+01 2.499045029e-02
 -6.048000000e+01 2.499045029e-02 -1.007999930e+01 2.499045029e-02
 -5.985000000e+01 2.499045030e-02 -9.974999305e+00 2.499045030e-02
 -5.976000000e+01 2.499045030e-02 -9.959999306e+00 2.499045030e-02
 -5.913000000e+01 2.499045031e-02 -9.854999313e+00 2.499045031e-02
 -5.904000000e+01 2.499045031e-02 -9.839999314e+00 2.499045031e-02
 -5.841000000e+01 2.499045032e-02 -9.734999321e+00 2.499045032e-02
 -5.832000000e+01 2.499045032e-02 -9.719999322e+00 2.499045032e-02
 -5.769000000e+01 2.499045033e-02 -9.614999330e+00 2.499045033e-02
 -5.760000000e+01 2.499045034e-02 -9.599999331e+00 2.499045034e-02
 -5.697000000e+01 2.499045035e-02 -9.494999338e+00 2.499045035e-02
 -5.688000000e+01 2.499045035e-02 -9.479999339e+00 2.499045035e-02
 -5.625000000e+01 2.499045036e-02 -9.374999346e+00 2.499045036e-02
 -5.616000000e+01 2.499045036e-02 -9.359999347e+00 2.499045036e-02
 -5.553000000e+01 2.499045037e-02 -9.254999355e+00 2.499045037e-02
 -5.544000000e+01 2.499045037e-02 -9.239999356e+00 2.499045037e-02
 -5.481000000e+01 2.499045038e-02 -9.134999363e+00 2.499045038e-02
 -5.472000000e+01 2.499045038e-02 -9.119999364e+00 2.499045038e-02
 -5.409000000e+01 2.499045039e-02 -9.014999371e+00 2.499045039e-02
 -5.400000000e+01 2.499045039e-02 -8.999999372e+00 2.499045039e-02
 -5.337000000e+01 2.499045040e-02 -8.894999380e+00 2.499045040e-02
 -5.328000000e+01 2.499045041e-02 -8.879999381e+00 2.499045041e-02
 -5.265000000e+01 2.499045042e-02 -8.774999388e+00 2.499045042e-02
 -5.256000000e+01 2.499045042e-02 -8.759999389e+00 2.499045042e-02
 -5.193000000e+01 2.499045043e-02 -8.654999396e+00 2.499045043e-02
 -5.184000000e+01 2.499045043e-02 -8.639999398e+00 2.499045043e-02
 -5.121000000e+01 2.499045044e-02 -8.534999405e+00 2.499045044e-02
 -5.112000000e+01 2.499045044e-02 -8.519999406e+00 2.499045044e-02
 -5.049000000e+01 2.499045045e-02 -8.414999413e+00 2.499045045e-02
 -5.040000000e+01 2.499045046e-02 -8.399999414e+00 2.499045046e-02
 -4.977000000e+01 2.499045047e-02 -8.294999422e+00 2.499045047e-02
 -4.968000000e+01 2.499045047e-02 -8.279999423e+00 2.499045047e-02
 -4.905000000e+01 2.499045048e-02 -8.174999430e+00 2.499045048e-02
 -4.896000000e+01 2.499045048e-02 -8.159999431e+00 2.499045048e-02
 -4.833000000e+01 2.499045049e-02 -8.054999438e+00 2.499045049e-02
 -4.824000000e+01 2.499045049e-02 -8.039999439e+00 2.499045049e-02
 -4.761000000e+01 2.499045050e-02 -7.934999447e+00 2.499045050e-02
 -4.752000000e+01 2.499045050e-02 -7.919999448e+00 2.499045050e-02
 -4.689000000e+01 2.499045051e-02 -7.814999455e+00 2.499045051e-02
 -4.680000000e+01 2.499045051e-02 -7.799999456e+00 2.499045051e-02
 -4.617000000e+01 2.499045052e-02 -7.694999463e+00 2.499045052e-02
 -4.608000000e+01 2.499045053e-02 -7.679999464e+00 2.499045053e-02
 -4.545000000e+01 2.499045054e-02 -7.574999472e+00 2.499045054e-02
 -4.536000000e+01 2.499045054e-02 -7.559999473e+00 2.499045054e-02
 -4.473000000e+01 2.499045055e-02 -7.454999480e+00 2.499045055e-02
 -4.464000000e+01 2.499045055e-02 -7.439999481e+00 2.499045055e-02
 -4.401000000e+01 2.499045056e-02 -7.334999488e+00 2.499045056e-02
 -4.392000000e+01 2.499045056e-02 -7.319999489e+00 2.499045056e-02
 -4.329000000e+01 2.499045057e-02 -7.214999497e+00 2.499045057e-02
 -4.320000000e+01 2.499045057e-02 -7.199999498e+00 2.499045057e-02
 -4.257000000e+01 2.499045059e-02 -7.094999505e+00 2.499045059e-02
 -4.248000000e+01 2.499045059e-02 -7.079999506e+00 2.499045059e-02
 -4.185000000e+01 2.499045060e-02 -6.974999514e+00 2.499045060e-02
 -4.176000000e+01 2.499045060e-02 -6.959999514e+00 2.499045060e-02
 -4.113000000e+01 2.499045061e-02 -6.854999522e+00 2.499045061e-02
 -4.104000000e+01 2.499045061e-02 -6.839999523e+00 2.499045061e-02
 -4.041000000e+01 2.499045062e-02 -6.734999530e+00 2.499045062e-02
 -4.032000000e+01 2.499045062e-02 -6.719999531e+00 2.499045062e-02
 -3.969000000e+01 2.499045063e-02 -6.614999539e+00 2.499045063e-02
 -3.960000000e+01 2.499045064e-02 -6.599999540e+00 2.499045064e-02
 -3.897000000e+01 2.499045064e-02 -6.494999547e+00 2.499045064e-02
 -3.888000000e+01 2.499045065e-02 -6.479999548e+00 2.499045065e-02
 -3.825000000e+01 2.499045066e-02 -6.374999555e+00 2.499045066e-02
 -3.816000000e+01 2.499045066e-02 -6.359999556e+00 2.499045066e-02
 -3.753000000e+01 2.499045067e-02 -6.254999564e+00 2.499045067e-02
 -3.744000000e+01 2.499045067e-02 -6.239999565e+00 2.499045067e-02
 -3.681000000e+01 2.499045068e-02 -6.134999572e+00 2.499045068e-02
 -3.672000000e+01 2.499045068e-02 -6.119999573e+00 2.499045068e-02
 -3.609000000e+01 2.499045069e-02 -6.014999580e+00 2.499045069e-02
 -3.600000000e+01 2.499045069e-02 -5.999999581e+00 2.499045069e-02
 -3.537000000e+01 2.499045071e-02 -5.894999589e+00 2.499045071e-02
 -3.528000000e+01 2.499045071e-02 -5.879999590e+00 2.499045071e-02
 -3.465000000e+01 2.499045072e-02 -5.774999597e+00 2.499045072e-02
 -3.456000000e+01 2.499045072e-02 -5.759999598e+00 2.499045072e-02
 -3.393000000e+01 2.499045073e-02 -5.654999605e+00 2.499045073e-02
 -3.384000000e+01 2.499045073e-02 -5.639999606e+00 2.499045073e-02
 -3.321000000e+01 2.499045074e-02 -5.534999614e+00 2.499045074e-02
 -3.312000000e+01 2.499045074e-02 -5.519999615e+00 2.499045074e-02
 -3.249000000e+01 2.499045075e-02 -5.414999622e+00 2.499045075e-02
 -3.240000000e+01 2.499045076e-02 -5.399999623e+00 2.499045076e-02
 -3.177000000e+01 2.499045077e-02 -5.294999631e+00 2.499045077e-02
 -3.168000000e+01 2.499045077e-02 -5.279999632e+00 2.499045077e-02
 -3.105000000e+01 2.499045078e-02 -5.174999639e+00 2.499045078e-02
 -3.096000000e+01 2.499045078e-02 -5.159999640e+00 2.499045078e-02
 -3.033000000e+01 2.499045079e-02 -5.054999647e+00 2.499045079e-02
 -3.024000000e+01 2.499045079e-02 -5.039999648e+00 2.499045079e-02
 -2.961000000e+01 2.499045080e-02 -4.934999656e+00 2.499045080e-02
 -2.952000000e+01 2.499045080e-02 -4.919999657e+00 2.499045080e-02
 -2.889000000e+01 2.499045081e-02 -4.814999664e+00 2.499045081e-02
 -2.880000000e+01 2.499045081e-02 -4.799999665e+00 2.499045081e-02
 -2.817000000e+01 2.499045082e-02 -4.694999672e+00 2.499045082e-02
 -2.808000000e+01 2.499045083e-02 -4.679999673e+00 2.499045083e-02
 -2.745000000e+01 2.499045084e-02 -4.574999681e+00 2.499045084e-02
 -2.736000000e+01 2.499045084e-02 -4.559999682e+00 2.499045084e-02
 -2.673000000e+01 2.499045085e-02 -4.454999689e+00 2.499045085e-02
 -2.664000000e+01 2.499045085e-02 -4.439999690e+00 2.499045085e-02
 -2.601000000e+01 2.499045086e-02 -4.334999697e+00 2.499045086e-02
 -2.592000000e+01 2.499045086e-02 -4.319999698e+00 2.499045086e-02
 -2.529000000e+01 2.499045087e-02 -4.214999706e+00 2.499045087e-02
 -2.520000000e+01 2.499045088e-02 -4.199999707e+00 2.499045088e-02
 -2.457000000e+01 2.499045089e-02 -4.094999714e+00 2.499045089e-02
 -2.448000000e+01 2.499045089e-02 -4.079999715e+00 2.499045089e-02
 -2.385000000e+01 2.499045090e-02 -3.974999723e+00 2.499045090e-02
 -2.376000000e+01 2.499045090e-02 -3.959999724e+00 2.499045090e-02
 -2.313000000e+01 2.499045091e-02 -3.854999731e+00 2.499045091e-02
 -2.304000000e+01 2.499045091e-02 -3.839999732e+00 2.499045091e-02
 -2.241000000e+01 2.499045092e-02 -3.734999739e+00 2.499045092e-02
 -2.232000000e+01 2.499045092e-02 -3.719999740e+00 2.499045092e-02
 -2.169000000e+01 2.499045093e-02 -3.614999748e+00 2.499045093e-02
 -2.160000000e+01 2.499045093e-02 -3.599999749e+00 2.499045093e-02
 -2.097000000e+01 2.499045094e-02 -3.494999756e+00 2.499045094e-02
 -2.088000000e+01 2.499045095e-02 -3.479999757e+00 2.499045095e-02
 -2.025000000e+01 2.499045096e-02 -3.374999764e+00 2.499045096e-02
 -2.016000000e+01 2.499045096e-02 -3.359999765e+00 2.499045096e-02
 -1.953000000e+01 2.499045097e-02 -3.254999773e+00 2.499045097e-02
 -1.944000000e+01 2.499045097e-02 -3.239999774e+00 2.499045097e-02
 -1.881000000e+01 2.499045098e-02 -3.134999781e+00 2.499045098e-02
 -1.872000000e+01 2.499045098e-02 -3.119999782e+00 2.499045098e-02
 -1.809000000e+01 2.499045099e-02 -3.014999789e+00 2.499045099e-02
 -1.800000000e+01 2.499045099e-02 -2.999999790e+00 2.499045099e-02
 -1.737000000e+01 2.499045101e-02 -2.894999798e+00 2.499045101e-02
 -1.728000000e+01 2.499045101e-02 -2.879999799e+00 2.499045101e-02
 -1.665000000e+01 2.499045102e-02 -2.774999806e+00 2.499045102e-02
 -1.656000000e+01 2.499045102e-02 -2.759999807e+00 2.499045102e-02
 -1.593000000e+01 2.499045103e-02 -2.654999814e+00 2.499045103e-02
 -1.584000000e+01 2.499045103e-02 -2.639999815e+00 2.499045103e-02
 -1.521000000e+01 2.499045104e-02 -2.534999823e+00 2.499045104e-02
 -1.512000000e+01 2.499045104e-02 -2.519999824e+00 2.499045104e-02
 -1.449000000e+01 2.499045105e-02 -2.414999831e+00 2.499045105e-02
 -1.440000000e+01 2.499045106e-02 -2.399999832e+00 2.499045106e-02
 -1.377000000e+01 2.499045106e-02 -2.294999839e+00 2.499045106e-02
 -1.368000000e+01 2.499045107e-02 -2.279999841e+00 2.499045107e-02
 -1.305000000e+01 2.499045108e-02 -2.174999848e+00 2.499045108e-02
 -1.296000000e+01 2.499045108e-02 -2.159999849e+00 2.499045108e-02
 -1.233000000e+01 2.499045109e-02 -2.054999856e+00 2.499045109e-02
 -1.224000000e+01 2.499045109e-02 -2.039999857e+00 2.499045109e-02
 -1.161000000e+01 2.499045110e-02 -1.934999865e+00 2.499045110e-02
 -1.152000000e+01 2.499045110e-02 -1.919999866e+00 2.499045110e-02
 -1.089000000e+01 2.499045111e-02 -1.814999873e+00 2.499045111e-02
 -1.080000000e+01 2.499045111e-02 -1.799999874e+00 2.499045111e-02
 -1.017000000e+01 2.499045113e-02 -1.694999881e+00 2.499045113e-02
 -1.008000000e+01 2.499045113e-02 -1.679999882e+00 2.499045113e-02
 -9.450000000e+00 2.499045114e-02 -1.574999890e+00 2.499045114e-02
 -9.360000000e+00 2.499045114e-02 -1.559999891e+00 2.499045114e-02
 -8.730000000e+00 2.499045115e-02 -1.454999898e+00 2.499045115e-02
 -8.640000000e+00 2.499045115e-02 -1.439999899e+00 2.499045115e-02
 -8.010000000e+00 2.499045116e-02 -1.334999906e+00 2.499045116e-02
 -7.920000000e+00 2.499045116e-02 -1.319999907e+00 2.499045116e-02
 -7.290000000e+00 2.499045117e-02 -1.214999915e+00 2.499045117e-02
 -7.200000000e+00 2.499045118e-02 -1.199999916e+00 2.499045118e-02
 -6.570000000e+00 2.499045118e-02 -1.094999923e+00 2.499045118e-02
 -6.480000000e+00 2.499045119e-02 -1.079999924e+00 2.499045119e-02
 -5.850000000e+00 2.499045120e-02 -9.749999315e-01 2.499045120e-02
 -5.760000000e+00 2.499045120e-02 -9.599999325e-01 2.499045120e-02
 -5.130000000e+00 2.499045121e-02 -8.549999398e-01 2.499045121e-02
 -5.040000000e+00 2.499045121e-02 -8.399999409e-01 2.499045121e-02
 -4.410000000e+00 2.499045122e-02 -7.349999482e-01 2.499045122e-02
 -4.320000000e+00 2.499045122e-02 -7.199999492e-01 2.499045122e-02
 -3.690000000e+00 2.499045123e-02 -6.149999565e-01 2.499045123e-02
 -3.600000000e+00 2.499045123e-02 -5.999999576e-01 2.499045123e-02
 -2.970000000e+00 2.499045124e-02 -4.949999649e-01 2.499045124e-02
 -2.880000000e+00 2.499045125e-02 -4.799999660e-01 2.499045125e-02
 -2.250000000e+00 2.499045126e-02 -3.749999733e-01 2.499045126e-02
 -2.160000000e+00 2.499045126e-02 -3.599999743e-01 2.499045126e-02
 -1.530000000e+00 2.499045127e-02 -2.549999816e-01 2.499045127e-02
 -1.440000000e+00 2.499045127e-02 -2.399999827e-01 2.499045127e-02
 -8.100000000e-01 2.499045128e-02 -1.349999900e-01 2.499045128e-02
 -7.200000000e-01 2.499045128e-02 -1.199999910e-01 2.499045128e-02
 -9.000000000e-02 2.499555104e-02 -1.499999835e-02 2.499555104e-02
 2.149697087e-12 2.499705089e-02 6.009728072e-10 2.499705089e-02
 6.300000000e-01 1.005060218e-01 1.049999946e-01 1.005060218e-01
 7.200000000e-01 1.155059833e-01 1.199999938e-01 1.155059833e-01
 1.350000000e+00 2.205057140e-01 2.249999884e-01 2.205057140e-01
 1.440000000e+00 2.355056755e-01 2.399999876e-01 2.355056755e-01
 2.070000000e+00 3.405054062e-01 3.449999821e-01 3.405054062e-01
 2.160000000e+00 3.555053677e-01 3.599999814e-01 3.555053677e-01
 2.790000000e+00 4.605050984e-01 4.649999759e-01 4.605050984e-01
 2.880000000e+00 4.755050599e-01 4.799999751e-01 4.755050599e-01
 3.510000000e+00 5.805047906e-01 5.849999697e-01 5.805047906e-01
 3.600000000e+00 5.955047522e-01 5.999999689e-01 5.955047522e-01
 4.230000000e+00 7.005044828e-01 7.049999634e-01 7.005044828e-01
 4.320000000e+00 7.155044444e-01 7.199999626e-01 7.155044444e-01
 4.950000000e+00 8.205041751e-01 8.249999572e-01 8.205041751e-01
 5.040000000e+00 8.355041366e-01 8.399999564e-01 8.355041366e-01
 5.670000000e+00 9.405038673e-01 9.449999509e-01 9.405038673e-01
 5.760000000e+00 9.555038288e-01 9.599999502e-01 9.555038288e-01
 6.390000000e+00 1.060503560e+00 1.064999945e+00 1.060503560e+00
 6.480000000e+00 1.075503521e+00 1.079999944e+00 1.075503521e+00
 7.110000000e+00 1.180503252e+00 1.184999939e+00 1.180503252e+00
 7.200000000e+00 1.195503213e+00 1.199999938e+00 1.195503213e+00
 7.830000000e+00 1.300502944e+00 1.304999932e+00 1.300502944e+00
 7.920000000e+00 1.315502905e+00 1.319999931e+00 1.315502905e+00
 8.550000000e+00 1.420502636e+00 1.424999926e+00 1.420502636e+00
 8.640000000e+00 1.435502598e+00 1.439999925e+00 1.435502598e+00
 9.270000000e+00 1.540502328e+00 1.544999920e+00 1.540502328e+00
 9.360000000e+00 1.555502290e+00 1.559999919e+00 1.555502290e+00
 9.990000000e+00 1.660502021e+00 1.664999913e+00 1.660502021e+00
 1.008000000e+01 1.675501982e+00 1.679999913e+00 1.675501982e+00
 1.071000000e+01 1.780501713e+00 1.784999907e+00 1.780501713e+00
 1.080000000e+01 1.795501674e+00 1.799999907e+00 1.795501674e+00
 1.143000000e+01 1.900501405e+00 1.904999901e+00 1.900501405e+00
 1.152000000e+01 1.915501367e+00 1.919999900e+00 1.915501367e+00
 1.215000000e+01 2.020501097e+00 2.024999895e+00 2.020501097e+00
 1.224000000e+01 2.035501059e+00 2.039999894e+00 2.035501059e+00
 1.287000000e+01 2.140500789e+00 2.144999889e+00 2.140500789e+00
 1.296000000e+01 2.155500751e+00 2.159999888e+00 2.155500751e+00
 1.359000000e+01 2.260500482e+00 2.264999882e+00 2.260500482e+00
 1.368000000e+01 2.275500443e+00 2.279999882e+00 2.275500443e+00
 1.431000000e+01 2.380500174e+00 2.384999876e+00 2.380500174e+00
 1.440000000e+01 2.395500135e+00 2.399999875e+00 2.395500135e+00
 1.503000000e+01 2.500499866e+00 2.504999870e+00 2.500499866e+00
 1.512000000e+01 2.515499828e+00 2.519999869e+00 2.515499828e+00
 1.575000000e+01 2.620499558e+00 2.624999864e+00 2.620499558e+00
 1.584000000e+01 2.635499520e+00 2.639999863e+00 2.635499520e+00
 1.647000000e+01 2.740499251e+00 2.744999857e+00 2.740499251e+00
 1.656000000e+01 2.755499212e+00 2.759999857e+00 2.755499212e+00
 1.719000000e+01 2.860498943e+00 2.864999851e+00 2.860498943e+00
 1.728000000e+01 2.875498904e+00 2.879999850e+00 2.875498904e+00
 1.791000000e+01 2.980498635e+00 2.984999845e+00 2.980498635e+00
 1.800000000e+01 2.995498596e+00 2.999999844e+00 2.995498596e+00
 1.863000000e+01 3.100498327e+00 3.104999839e+00 3.100498327e+00
 1.872000000e+01 3.115498289e+00 3.119999838e+00 3.115498289e+00
 1.935000000e+01 3.220498019e+00 3.224999832e+00 3.220498019e+00
 1.944000000e+01 3.235497981e+00 3.239999832e+00 3.235497981e+00
 2.007000000e+01 3.340497712e+00 3.344999826e+00 3.340497712e+00
 2.016000000e+01 3.355497673e+00 3.359999825e+00 3.355497673e+00
 2.079000000e+01 3.460497404e+00 3.464999820e+00 3.460497404e+00
 2.088000000e+01 3.475497365e+00 3.479999819e+00 3.475497365e+00
 2.151000000e+01 3.580497096e+00 3.584999814e+00 3.580497096e+00
 2.160000000e+01 3.595497057e+00 3.599999813e+00 3.595497057e+00
 2.223000000e+01 3.700496788e+00 3.704999807e+00 3.700496788e+00
 2.232000000e+01 3.715496750e+00 3.719999807e+00 3.715496750e+00
 2.295000000e+01 3.820496480e+00 3.824999801e+00 3.820496480e+00
 2.304000000e+01 3.835496442e+00 3.839999800e+00 3.835496442e+00
 2.367000000e+01 3.940496173e+00 3.944999795e+00 3.940496173e+00
 2.376000000e+01 3.955496134e+00 3.959999794e+00 3.955496134e+00
 2.439000000e+01 4.060495865e+00 4.064999789e+00 4.060495865e+00
 2.448000000e+01 4.075495826e+00 4.079999788e+00 4.075495826e+00
 2.511000000e+01 4.180495557e+00 4.184999783e+00 4.180495557e+00
 2.520000000e+01 4.195495519e+00 4.199999782e+00 4.195495519e+00
 2.583000000e+01 4.300495249e+00 4.304999776e+00 4.300495249e+00
 2.592000000e+01 4.315495211e+00 4.319999775e+00 4.315495211e+00
 2.655000000e+01 4.420494942e+00 4.424999770e+00 4.420494942e+00
 2.664000000e+01 4.435494903e+00 4.439999769e+00 4.435494903e+00
 2.727000000e+01 4.540494634e+00 4.544999764e+00 4.540494634e+00
 2.736000000e+01 4.555494595e+00 4.559999763e+00 4.555494595e+00
 2.799000000e+01 4.660494326e+00 4.664999758e+00 4.660494326e+00
 2.808000000e+01 4.675494287e+00 4.679999757e+00 4.675494287e+00
 2.871000000e+01 4.780494018e+00 4.784999751e+00 4.780494018e+00
 2.880000000e+01 4.795493980e+00 4.799999750e+00 4.795493980e+00
 2.943000000e+01 4.900493710e+00 4.904999745e+00 4.900493710e+00
 2.952000000e+01 4.915493672e+00 4.919999744e+00 4.915493672e+00
 3.015000000e+01 4.975004543e+00 5.024999738e+00 4.975004543e+00
 3.024000000e+01 4.975006043e+00 5.039999737e+00 4.975006043e+00
 3.051000000e+01 4.975009543e+00 5.084999734e+00 4.975009543e+00
 3.087000000e+01 4.975009543e+00 5.144999730e+00 4.975009543e+00
 3.096000000e+01 4.975009543e+00 5.159999729e+00 4.975009543e+00
 3.159000000e+01 4.975009543e+00 5.264999721e+00 4.975009543e+00
 3.168000000e+01 4.975009543e+00 5.279999720e+00 4.975009543e+00
 3.231000000e+01 4.975009543e+00 5.384999713e+00 4.975009543e+00
 3.240000000e+01 4.975009543e+00 5.399999712e+00 4.975009543e+00
 3.285000000e+01 4.975009543e+00 5.474999707e+00 4.975009543e+00
 3.303000000e+01 4.975009543e+00 5.504999705e+00 4.975009543e+00
 3.312000000e+01 4.975009543e+00 5.519999703e+00 4.975009543e+00
 3.375000000e+01 4.975009543e+00 5.624999696e+00 4.975009543e+00
 3.384000000e+01 4.975009543e+00 5.639999695e+00 4.975009543e+00
 3.447000000e+01 4.975009543e+00 5.744999688e+00 4.975009543e+00
 3.456000000e+01 4.975009543e+00 5.759999687e+00 4.975009543e+00
 3.519000000e+01 4.975009543e+00 5.864999680e+00 4.975009543e+00
 3.528000000e+01 4.975009543e+00 5.879999678e+00 4.975009543e+00
 3.591000000e+01 4.975009543e+00 5.984999671e+00 4.975009543e+00
 3.600000000e+01 4.975009543e+00 5.999999670e+00 4.975009543e+00
 3.663000000e+01 4.975009543e+00 6.104999663e+00 4.975009543e+00
 3.672000000e+01 4.975009543e+00 6.119999662e+00 4.975009543e+00
 3.735000000e+01 4.975009543e+00 6.224999654e+00 4.975009543e+00
 3.744000000e+01 4.975009543e+00 6.239999653e+00 4.975009543e+00
 3.807000000e+01 4.975009543e+00 6.344999646e+00 4.975009543e+00
 3.816000000e+01 4.975009543e+00 6.359999645e+00 4.975009543e+00
 3.879000000e+01 4.975009543e+00 6.464999638e+00 4.975009543e+00
 3.888000000e+01 4.975009543e+00 6.479999637e+00 4.975009543e+00
 3.951000000e+01 4.975009543e+00 6.584999629e+00 4.975009543e+00
 3.960000000e+01 4.975009543e+00 6.599999628e+00 4.975009543e+00
 4.023000000e+01 4.975009543e+00 6.704999621e+00 4.975009543e+00
 4.032000000e+01 4.975009543e+00 6.719999620e+00 4.975009543e+00
 4.095000000e+01 4.975009543e+00 6.824999613e+00 4.975009543e+00
 4.104000000e+01 4.975009543e+00 6.839999611e+00 4.975009543e+00
 4.167000000e+01 4.975009543e+00 6.944999604e+00 4.975009543e+00
 4.176000000e+01 4.975009543e+00 6.959999603e+00 4.975009543e+00
 4.239000000e+01 4.975009543e+00 7.064999596e+00 4.975009543e+00
 4.248000000e+01 4.975009543e+00 7.079999595e+00 4.975009543e+00
 4.311000000e+01 4.975009543e+00 7.184999588e+00 4.975009543e+00
 4.320000000e+01 4.975009543e+00 7.199999586e+00 4.975009543e+00
 4.383000000e+01 4.975009543e+00 7.304999579e+00 4.975009543e+00
 4.392000000e+01 4.975009543e+00 7.319999578e+00 4.975009543e+00
 4.455000000e+01 4.975009543e+00 7.424999571e+00 4.975009543e+00
 4.464000000e+01 4.975009543e+00 7.439999570e+00 4.975009543e+00
 4.482000000e+01 4.975009543e+00 7.469999568e+00 4.975009543e+00
 4.527000000e+01 4.975009543e+00 7.544999562e+00 4.975009543e+00
 4.536000000e+01 4.975009543e+00 7.559999561e+00 4.975009543e+00
 4.599000000e+01 4.975009543e+00 7.664999554e+00 4.975009543e+00
 4.608000000e+01 4.975009543e+00 7.679999553e+00 4.975009543e+00
 4.671000000e+01 4.975009543e+00 7.784999546e+00 4.975009543e+00
 4.680000000e+01 4.975009543e+00 7.799999545e+00 4.975009543e+00
 4.743000000e+01 4.975009543e+00 7.904999537e+00 4.975009543e+00
 4.752000000e+01 4.975009543e+00 7.919999536e+00 4.975009543e+00
 4.815000000e+01 4.975009543e+00 8.024999529e+00 4.975009543e+00
 4.824000000e+01 4.975009543e+00 8.039999528e+00 4.975009543e+00
 4.887000000e+01 4.975009543e+00 8.144999521e+00 4.975009543e+00
 4.896000000e+01 4.975009543e+00 8.159999520e+00 4.975009543e+00
 4.959000000e+01 4.975009543e+00 8.264999512e+00 4.975009543e+00
 4.968000000e+01 4.975009543e+00 8.279999511e+00 4.975009543e+00
 5.031000000e+01 4.975009543e+00 8.384999504e+00 4.975009543e+00
 5.040000000e+01 4.975009543e+00 8.399999503e+00 4.975009543e+00
 5.085000000e+01 4.975009544e+00 8.474999498e+00 4.975009544e+00
 5.103000000e+01 4.975009544e+00 8.504999495e+00 4.975009544e+00
 5.112000000e+01 4.975009544e+00 8.519999495e+00 4.975009544e+00
 5.175000000e+01 4.975009544e+00 8.624999487e+00 4.975009544e+00
 5.184000000e+01 4.975009544e+00 8.639999486e+00 4.975009544e+00
 5.247000000e+01 4.975009544e+00 8.744999479e+00 4.975009544e+00
 5.256000000e+01 4.975009544e+00 8.759999478e+00 4.975009544e+00
 5.319000000e+01 4.975009544e+00 8.864999471e+00 4.975009544e+00
 5.328000000e+01 4.975009544e+00 8.879999469e+00 4.975009544e+00
 5.391000000e+01 4.975009544e+00 8.984999462e+00 4.975009544e+00
 5.400000000e+01 4.975009544e+00 8.999999461e+00 4.975009544e+00
 5.463000000e+01 4.975009544e+00 9.104999454e+00 4.975009544e+00
 5.472000000e+01 4.975009544e+00 9.119999453e+00 4.975009544e+00
 5.535000000e+01 4.975009544e+00 9.224999445e+00 4.975009544e+00
 5.544000000e+01 4.975009544e+00 9.239999444e+00 4.975009544e+00
 5.607000000e+01 4.975009544e+00 9.344999437e+00 4.975009544e+00
 5.616000000e+01 4.975009544e+00 9.359999436e+00 4.975009544e+00
 5.679000000e+01 4.975009544e+00 9.464999429e+00 4.975009544e+00
 5.688000000e+01 4.975009544e+00 9.479999428e+00 4.975009544e+00
 5.751000000e+01 4.975009544e+00 9.584999420e+00 4.975009544e+00
 5.760000000e+01 4.975009544e+00 9.599999419e+00 4.975009544e+00
 5.823000000e+01 4.975009544e+00 9.704999412e+00 4.975009544e+00
 5.832000000e+01 4.975009544e+00 9.719999411e+00 4.975009544e+00
 5.895000000e+01 4.975009544e+00 9.824999404e+00 4.975009544e+00
 5.904000000e+01 4.975009544e+00 9.839999403e+00 4.975009544e+00
 5.967000000e+01 4.975009544e+00 9.944999395e+00 4.975009544e+00
 5.976000000e+01 4.975009544e+00 9.959999394e+00 4.975009544e+00
 6.039000000e+01 4.975009544e+00 1.006499939e+01 4.975009544e+00
 6.048000000e+01 4.975009544e+00 1.007999939e+01 4.975009544e+00
 6.111000000e+01 4.975009544e+00 1.018499938e+01 4.975009544e+00
 6.120000000e+01 4.975009544e+00 1.019999938e+01 4.975009544e+00
 6.183000000e+01 4.975009544e+00 1.030499937e+01 4.975009544e+00
 6.192000000e+01 4.975009544e+00 1.031999937e+01 4.975009544e+00
 6.255000000e+01 4.975009544e+00 1.042499936e+01 4.975009544e+00
 6.264000000e+01 4.975009544e+00 1.043999936e+01 4.975009544e+00
 6.282000000e+01 4.975009544e+00 1.046999936e+01 4.975009544e+00
 6.327000000e+01 4.975009544e+00 1.054499935e+01 4.975009544e+00
 6.336000000e+01 4.975009544e+00 1.055999935e+01 4.975009544e+00
 6.399000000e+01 4.975009544e+00 1.066499935e+01 4.975009544e+00
 6.408000000e+01 4.975009544e+00 1.067999934e+01 4.975009544e+00
 6.471000000e+01 4.975009544e+00 1.078499934e+01 4.975009544e+00
 6.480000000e+01 4.975009544e+00 1.079999934e+01 4.975009544e+00
 6.543000000e+01 4.975009544e+00 1.090499933e+01 4.975009544e+00
 6.552000000e+01 4.975009544e+00 1.091999933e+01 4.975009544e+00
 6.615000000e+01 4.975009544e+00 1.102499932e+01 4.975009544e+00
 6.624000000e+01 4.975009544e+00 1.103999932e+01 4.975009544e+00
 6.687000000e+01 4.975009544e+00 1.114499931e+01 4.975009544e+00
 6.696000000e+01 4.975009544e+00 1.115999931e+01 4.975009544e+00
 6.759000000e+01 4.975009544e+00 1.126499930e+01 4.975009544e+00
 6.768000000e+01 4.975009544e+00 1.127999930e+01 4.975009544e+00
 6.831000000e+01 4.975009544e+00 1.138499930e+01 4.975009544e+00
 6.840000000e+01 4.975009544e+00 1.139999929e+01 4.975009544e+00
 6.885000000e+01 4.975009544e+00 1.147499929e+01 4.975009544e+00
 6.903000000e+01 4.975009544e+00 1.150499929e+01 4.975009544e+00
 6.912000000e+01 4.975009544e+00 1.151999929e+01 4.975009544e+00
 6.975000000e+01 4.975009544e+00 1.162499928e+01 4.975009544e+00
 6.984000000e+01 4.975009544e+00 1.163999928e+01 4.975009544e+00
 7.047000000e+01 4.975009544e+00 1.174499927e+01 4.975009544e+00
 7.056000000e+01 4.975009544e+00 1.175999927e+01 4.975009544e+00
 7.119000000e+01 4.975009544e+00 1.186499926e+01 4.975009544e+00
 7.128000000e+01 4.975009544e+00 1.187999926e+01 4.975009544e+00
 7.191000000e+01 4.975009544e+00 1.198499925e+01 4.975009544e+00
 7.200000000e+01 4.975009544e+00 1.199999925e+01 4.975009544e+00
 7.263000000e+01 4.975009544e+00 1.210499925e+01 4.975009544e+00
 7.272000000e+01 4.975009544e+00 1.211999924e+01 4.975009544e+00
 7.335000000e+01 4.975009544e+00 1.222499924e+01 4.975009544e+00
 7.344000000e+01 4.975009544e+00 1.223999924e+01 4.975009544e+00
 7.407000000e+01 4.975009544e+00 1.234499923e+01 4.975009544e+00
 7.416000000e+01 4.975009544e+00 1.235999923e+01 4.975009544e+00
 7.479000000e+01 4.975009544e+00 1.246499922e+01 4.975009544e+00
 7.488000000e+01 4.975009544e+00 1.247999922e+01 4.975009544e+00
 7.551000000e+01 4.975009544e+00 1.258499921e+01 4.975009544e+00
 7.560000000e+01 4.975009544e+00 1.259999921e+01 4.975009544e+00
 7.623000000e+01 4.975009544e+00 1.270499920e+01 4.975009544e+00
 7.632000000e+01 4.975009544e+00 1.271999920e+01 4.975009544e+00
 7.695000000e+01 4.975009544e+00 1.282499920e+01 4.975009544e+00
 7.704000000e+01 4.975009544e+00 1.283999919e+01 4.975009544e+00
 7.767000000e+01 4.975009544e+00 1.294499919e+01 4.975009544e+00
 7.776000000e+01 4.975009544e+00 1.295999918e+01 4.975009544e+00
 7.839000000e+01 4.975009544e+00 1.306499918e+01 4.975009544e+00
 7.848000000e+01 4.975009544e+00 1.307999918e+01 4.975009544e+00
 7.911000000e+01 4.975009544e+00 1.318499917e+01 4.975009544e+00
 7.920000000e+01 4.975009544e+00 1.319999917e+01 4.975009544e+00
 7.983000000e+01 4.975009544e+00 1.330499916e+01 4.975009544e+00
 7.992000000e+01 4.975009544e+00 1.331999916e+01 4.975009544e+00
 8.055000000e+01 4.975009544e+00 1.342499915e+01 4.975009544e+00
 8.064000000e+01 4.975009544e+00 1.343999915e+01 4.975009544e+00
 8.082000000e+01 4.975009544e+00 1.346999915e+01 4.975009544e+00
 8.127000000e+01 4.975009544e+00 1.354499914e+01 4.975009544e+00
 8.136000000e+01 4.975009544e+00 1.355999914e+01 4.975009544e+00
 8.199000000e+01 4.975009544e+00 1.366499914e+01 4.975009544e+00
 8.208000000e+01 4.975009544e+00 1.367999913e+01 4.975009544e+00
 8.271000000e+01 4.975009544e+00 1.378499913e+01 4.975009544e+00
 8.280000000e+01 4.975009544e+00 1.379999913e+01 4.975009544e+00
 8.343000000e+01 4.975009544e+00 1.390499912e+01 4.975009544e+00
 8.352000000e+01 4.975009544e+00 1.391999912e+01 4.975009544e+00
 8.415000000e+01 4.975009544e+00 1.402499911e+01 4.975009544e+00
 8.424000000e+01 4.975009544e+00 1.403999911e+01 4.975009544e+00
 8.487000000e+01 4.975009544e+00 1.414499910e+01 4.975009544e+00
 8.496000000e+01 4.975009544e+00 1.415999910e+01 4.975009544e+00
 8.559000000e+01 4.975009544e+00 1.426499909e+01 4.975009544e+00
 8.568000000e+01 4.975009544e+00 1.427999909e+01 4.975009544e+00
 8.631000000e+01 4.975009544e+00 1.438499909e+01 4.975009544e+00
 8.640000000e+01 4.975009544e+00 1.439999908e+01 4.975009544e+00
 8.685000000e+01 4.975009544e+00 1.447499908e+01 4.975009544e+00
 8.703000000e+01 4.975009544e+00 1.450499908e+01 4.975009544e+00
 8.712000000e+01 4.975009544e+00 1.451999908e+01 4.975009544e+00
 8.775000000e+01 4.975009544e+00 1.462499907e+01 4.975009544e+00
 8.784000000e+01 4.975009544e+00 1.463999907e+01 4.975009544e+00
 8.847000000e+01 4.975009544e+00 1.474499906e+01 4.975009544e+00
 8.856000000e+01 4.975009544e+00 1.475999906e+01 4.975009544e+00
 8.919000000e+01 4.975009544e+00 1.486499905e+01 4.975009544e+00
 8.928000000e+01 4.975009544e+00 1.487999905e+01 4.975009544e+00
 8.991000000e+01 4.975009544e+00 1.498499904e+01 4.975009544e+00
