 frequency         v(n_buf_out)      v(n_buf_out)     
 9.0087700000e-02  1.6666607251e-01 -1.6668107182e-04 
 9.4336717752e-02  1.6666605641e-01 -1.7454262578e-04 
 9.8786141907e-02  1.6666603876e-01 -1.8277497018e-04 
 1.0344542470e-01  1.6666601941e-01 -1.9139559309e-04 
 1.0832446419e-01  1.6666599819e-01 -2.0042280740e-04 
 1.1343362528e-01  1.6666597492e-01 -2.0987578963e-04 
 1.1878376173e-01  1.6666594941e-01 -2.1977462071e-04 
 1.2438623923e-01  1.6666592143e-01 -2.3014032862e-04 
 1.3025295953e-01  1.6666589074e-01 -2.4099493303e-04 
 1.3639638574e-01  1.6666585710e-01 -2.5236149206e-04 
 1.4282956879e-01  1.6666582021e-01 -2.6426415125e-04 
 1.4956617516e-01  1.6666577975e-01 -2.7672819483e-04 
 1.5662051591e-01  1.6666573539e-01 -2.8978009942e-04 
 1.6400757710e-01  1.6666568675e-01 -3.0344759019e-04 
 1.7174305161e-01  1.6666563341e-01 -3.1775969980e-04 
 1.7984337246e-01  1.6666557492e-01 -3.3274682997e-04 
 1.8832574777e-01  1.6666551078e-01 -3.4844081604e-04 
 1.9720819727e-01  1.6666544045e-01 -3.6487499454e-04 
 2.0650959059e-01  1.6666536333e-01 -3.8208427398e-04 
 2.1624968737e-01  1.6666527876e-01 -4.0010520886e-04 
 2.2644917920e-01  1.6666518603e-01 -4.1897607731e-04 
 2.3712973362e-01  1.6666508434e-01 -4.3873696228e-04 
 2.4831404011e-01  1.6666497283e-01 -4.5942983659e-04 
 2.6002585831e-01  1.6666485056e-01 -4.8109865195e-04 
 2.7229006850e-01  1.6666471648e-01 -5.0378943221e-04 
 2.8513272443e-01  1.6666456946e-01 -5.2755037093e-04 
 2.9858110870e-01  1.6666440824e-01 -5.5243193362e-04 
 3.1266379070e-01  1.6666423145e-01 -5.7848696464e-04 
 3.2741068731e-01  1.6666403760e-01 -6.0577079931e-04 
 3.4285312643e-01  1.6666382503e-01 -6.3434138107e-04 
 3.5902391357e-01  1.6666359193e-01 -6.6425938433e-04 
 3.7595740152e-01  1.6666333633e-01 -6.9558834290e-04 
 3.9368956332e-01  1.6666305605e-01 -7.2839478455e-04 
 4.1225806872e-01  1.6666274871e-01 -7.6274837185e-04 
 4.3170236414e-01  1.6666241169e-01 -7.9872204952e-04 
 4.5206375652e-01  1.6666204214e-01 -8.3639219877e-04 
 4.7338550108e-01  1.6666163690e-01 -8.7583879878e-04 
 4.9571289314e-01  1.6666119254e-01 -9.1714559569e-04 
 5.1909336442e-01  1.6666070527e-01 -9.6040027954e-04 
 5.4357658378e-01  1.6666017097e-01 -1.0056946693e-03 
 5.6921456271e-01  1.6665958507e-01 -1.0531249068e-03 
 5.9606176584e-01  1.6665894261e-01 -1.1027916591e-03 
 6.2417522666e-01  1.6665823812e-01 -1.1548003307e-03 
 6.5361466866e-01  1.6665746562e-01 -1.2092612858e-03 
 6.8444263219e-01  1.6665661853e-01 -1.2662900799e-03 
 7.1672460736e-01  1.6665568966e-01 -1.3260077027e-03 
 7.5052917313e-01  1.6665467112e-01 -1.3885408323e-03 
 7.8592814303e-01  1.6665355425e-01 -1.4540221007e-03 
 8.2299671767e-01  1.6665232955e-01 -1.5225903714e-03 
 8.6181364455e-01  1.6665098663e-01 -1.5943910297e-03 
 9.0246138530e-01  1.6664951406e-01 -1.6695762865e-03 
 9.4502629091e-01  1.6664789934e-01 -1.7483054951e-03 
 9.8959878512e-01  1.6664612875e-01 -1.8307454831e-03 
 1.0362735565e+00  1.6664418723e-01 -1.9170708984e-03 
 1.0851497598e+00  1.6664205831e-01 -2.0074645713e-03 
 1.1363312263e+00  1.6663972389e-01 -2.1021178916e-03 
 1.1899266844e+00  1.6663716415e-01 -2.2012312038e-03 
 1.2460499909e+00  1.6663435733e-01 -2.3050142178e-03 
 1.3048203728e+00  1.6663127962e-01 -2.4136864390e-03 
 1.3663626802e+00  1.6662790487e-01 -2.5274776158e-03 
 1.4308076520e+00  1.6662420442e-01 -2.6466282060e-03 
 1.4982921934e+00  1.6662014686e-01 -2.7713898641e-03 
 1.5689596666e+00  1.6661569776e-01 -2.9020259472e-03 
 1.6429601958e+00  1.6661081934e-01 -3.0388120425e-03 
 1.7204509857e+00  1.6660547021e-01 -3.1820365161e-03 
 1.8015966558e+00  1.6659960499e-01 -3.3320010827e-03 
 1.8865695897e+00  1.6659317393e-01 -3.4890213985e-03 
 1.9755503015e+00  1.6658612248e-01 -3.6534276757e-03 
 2.0687278197e+00  1.6657839087e-01 -3.8255653199e-03 
 2.1663000879e+00  1.6656991355e-01 -4.0057955905e-03 
 2.2684743862e+00  1.6656061870e-01 -4.1944962837e-03 
 2.3754677708e+00  1.6655042757e-01 -4.3920624385e-03 
 2.4875075357e+00  1.6653925387e-01 -4.5989070643e-03 
 2.6048316952e+00  1.6652700301e-01 -4.8154618919e-03 
 2.7276894895e+00  1.6651357134e-01 -5.0421781432e-03 
 2.8563419144e+00  1.6649884526e-01 -5.2795273232e-03 
 2.9910622758e+00  1.6648270029e-01 -5.5280020286e-03 
 3.1321367700e+00  1.6646500004e-01 -5.7881167741e-03 
 3.2798650918e+00  1.6644559506e-01 -6.0604088319e-03 
 3.4345610714e+00  1.6642432163e-01 -6.3454390838e-03 
 3.5965533408e+00  1.6640100039e-01 -6.6437928793e-03 
 3.7661860319e+00  1.6637543487e-01 -6.9560808984e-03 
 3.9438195081e+00  1.6634740989e-01 -7.2829400121e-03 
 4.1298311290e+00  1.6631668980e-01 -7.6250341340e-03 
 4.3246160528e+00  1.6628301656e-01 -7.9830550580e-03 
 4.5285880754e+00  1.6624610766e-01 -8.3577232700e-03 
 4.7421805095e+00  1.6620565385e-01 -8.7497887269e-03 
 4.9658471051e+00  1.6616131662e-01 -9.1600315878e-03 
 5.2000630137e+00  1.6611272559e-01 -9.5892628858e-03 
 5.4453257971e+00  1.6605947549e-01 -1.0038325123e-02 
 5.7021564852e+00  1.6600112304e-01 -1.0508092770e-02 
 5.9711006822e+00  1.6593718347e-01 -1.0999472650e-02 
 6.2527297259e+00  1.6586712678e-01 -1.1513404175e-02 
 6.5476419015e+00  1.6579037372e-01 -1.2050859424e-02 
 6.8564637126e+00  1.6570629135e-01 -1.2612843001e-02 
 7.1798512121e+00  1.6561418835e-01 -1.3200391669e-02 
 7.5184913956e+00  1.6551330994e-01 -1.3814573683e-02 
 7.8731036613e+00  1.6540283234e-01 -1.4456487811e-02 
 8.2444413380e+00  1.6528185693e-01 -1.5127261943e-02 
 8.6332932857e+00  1.6514940396e-01 -1.5828051277e-02 
 9.0404855709e+00  1.6500440574e-01 -1.6560035961e-02 
 9.4668832221e+00  1.6484569954e-01 -1.7324418156e-02 
 9.9133920670e+00  1.6467201996e-01 -1.8122418402e-02 
 1.0380960657e+01  1.6448199086e-01 -1.8955271201e-02 
 1.0870582283e+01  1.6427411692e-01 -1.9824219717e-02 
 1.1383297083e+01  1.6404677474e-01 -2.0730509456e-02 
 1.1920194255e+01  1.6379820362e-01 -2.1675380809e-02 
 1.2482414369e+01  1.6352649605e-01 -2.2660060311e-02 
 1.3071151791e+01  1.6322958787e-01 -2.3685750466e-02 
 1.3687657219e+01  1.6290524841e-01 -2.4753617970e-02 
 1.4333240340e+01  1.6255107054e-01 -2.5864780161e-02 
 1.5009272613e+01  1.6216446085e-01 -2.7020289518e-02 
 1.5717190185e+01  1.6174263020e-01 -2.8221116022e-02 
 1.6458496935e+01  1.6128258482e-01 -2.9468127193e-02 
 1.7234767676e+01  1.6078111826e-01 -3.0762065619e-02 
 1.8047651497e+01  1.6023480449e-01 -3.2103523811e-02 
 1.8898875267e+01  1.5963999263e-01 -3.3492916242e-02 
 1.9790247302e+01  1.5899280371e-01 -3.4930448426e-02 
 2.0723661210e+01  1.5828912997e-01 -3.6416082987e-02 
 2.1701099910e+01  1.5752463740e-01 -3.7949502699e-02 
 2.2724639847e+01  1.5669477206e-01 -3.9530070538e-02 
 2.3796455401e+01  1.5579477104e-01 -4.1156786941e-02 
 2.4918823509e+01  1.5481967883e-01 -4.2828244531e-02 
 2.6094128501e+01  1.5376436993e-01 -4.4542580760e-02 
 2.7324867161e+01  1.5262357863e-01 -4.6297429074e-02 
 2.8613654039e+01  1.5139193682e-01 -4.8089869425e-02 
 2.9963227000e+01  1.5006402077e-01 -4.9916379173e-02 
 3.1376453039e+01  1.4863440754e-01 -5.1772785686e-02 
 3.2856334376e+01  1.4709774187e-01 -5.3654222211e-02 
 3.4406014832e+01  1.4544881385e-01 -5.5555088874e-02 
 3.6028786507e+01  1.4368264754e-01 -5.7469020919e-02 
 3.7728096773e+01  1.4179460061e-01 -5.9388866572e-02 
 3.9507555600e+01  1.3978047401e-01 -6.1306677074e-02 
 4.1370943222e+01  1.3763663081e-01 -6.3213711574e-02 
 4.3322218171e+01  1.3536012221e-01 -6.5100459592e-02 
 4.5365525682e+01  1.3294881836e-01 -6.6956683601e-02 
 4.7505206504e+01  1.3040154073e-01 -6.8771484051e-02 
 4.9745806117e+01  1.2771819213e-01 -7.0533388614e-02 
 5.2092084391e+01  1.2489987980e-01 -7.2230466792e-02 
 5.4549025697e+01  1.2194902638e-01 -7.3850470094e-02 
 5.7121849496e+01  1.1886946338e-01 -7.5380996911e-02 
 5.9816021426e+01  1.1566650140e-01 -7.6809679951e-02 
 6.2637264913e+01  1.1234697168e-01 -7.8124392726e-02 
 6.5591573332e+01  1.0891923416e-01 -7.9313470205e-02 
 6.8685222737e+01  1.0539314801e-01 -8.0365937438e-02 
 7.1924785194e+01  1.0178000194e-01 -8.1271738828e-02 
 7.5317142743e+01  9.8092403297e-02 -8.2021959922e-02 
 7.8869502016e+01  9.4344126670e-02 -8.2609033183e-02 
 8.2589409553e+01  9.0549924952e-02 -8.3026919282e-02 
 8.6484767824e+01  8.6725307584e-02 -8.3271256068e-02 
 9.0563852025e+01  8.2886292699e-02 -8.3339468500e-02 
 9.4835327654e+01  7.9049141348e-02 -8.3230834456e-02 
 9.9308268918e+01  7.5230083065e-02 -8.2946503307e-02 
 1.0399217802e+02  7.1445042553e-02 -8.2489466378e-02 
 1.0889700532e+02  6.7709377226e-02 -8.1864480695e-02 
 1.1403317051e+02  6.4037634653e-02 -8.1077949606e-02 
 1.1941158472e+02  6.0443337783e-02 -8.0137765776e-02 
 1.2504367371e+02  5.6938804225e-02 -7.9053123575e-02 
 1.3094140214e+02  5.3535003966e-02 -7.7834308883e-02 
 1.3711729898e+02  5.0241457873e-02 -7.6492474839e-02 
 1.4358448415e+02  4.7066177378e-02 -7.5039412027e-02 
 1.5035669636e+02  4.4015643868e-02 -7.3487321064e-02 
 1.5744832232e+02  4.1094824788e-02 -7.1848594688e-02 
 1.6487442729e+02  3.8307222235e-02 -7.0135615246e-02 
 1.7265078709e+02  3.5654948980e-02 -6.8360572161e-02 
 1.8079392160e+02  3.3138826415e-02 -6.6535302566e-02 
 1.8932112990e+02  3.0758498795e-02 -6.4671156946e-02 
 1.9825052694e+02  2.8512558346e-02 -6.2778890378e-02 
 2.0760108210e+02  2.6398676197e-02 -6.0868578961e-02 
 2.1739265945e+02  2.4413734719e-02 -5.8949560107e-02 
 2.2764605997e+02  2.2553957495e-02 -5.7030394769e-02 
 2.3838306568e+02  2.0815033900e-02 -5.5118849241e-02 
 2.4962648602e+02  1.9192235949e-02 -5.3221893896e-02 
 2.6140020619e+02  1.7680525803e-02 -5.1345716174e-02 
 2.7372923797e+02  1.6274652857e-02 -4.9495745142e-02 
 2.8663977283e+02  1.4969239917e-02 -4.7676685106e-02 
 3.0015923757e+02  1.3758858360e-02 -4.5892555968e-02 
 3.1431635257e+02  1.2638092555e-02 -4.4146738252e-02 
 3.2914119283e+02  1.1601594033e-02 -4.2442021024e-02 
 3.4466525184e+02  1.0644126123e-02 -4.0780651185e-02 
 3.6092150851e+02  9.7605998554e-03 -3.9164382891e-02 
 3.7794449718e+02  8.9461020263e-03 -3.7594526116e-02 
 3.9577038105e+02  8.1959163012e-03 -3.6071993580e-02 
 4.1443702894e+02  7.5055382625e-03 -3.4597345476e-02 
 4.3398409577e+02  6.8706852403e-03 -3.3170831596e-02 
 4.5445310683e+02  6.2873017224e-03 -3.1792430597e-02 
 4.7588754592e+02  5.7515610738e-03 -3.0461886280e-02 
 4.9833294779e+02  5.2598642241e-03 -2.9178740827e-02 
 5.2183699487e+02  4.8088359079e-03 -2.7942365030e-02 
 5.4644961851e+02  4.3953189746e-03 -2.6751985601e-02 
 5.7222310513e+02  4.0163672129e-03 -2.5606709695e-02 
 5.9921220721e+02  3.6692370732e-03 -2.4505546781e-02 
 6.2747425970e+02  3.3513786120e-03 -2.3447428068e-02 
 6.5706930173e+02  3.0604259296e-03 -2.2431223632e-02 
 6.8806020424e+02  2.7941873256e-03 -2.1455757456e-02 
 7.2051280346e+02  2.5506353560e-03 -2.0519820561e-02 
 7.5449604082e+02  2.3278969378e-03 -1.9622182397e-02 
 7.9008210941e+02  2.1242436194e-03 -1.8761600680e-02 
 8.2734660732e+02  1.9380821048e-03 -1.7936829825e-02 
 8.6636869826e+02  1.7679451008e-03 -1.7146628131e-02 
 9.0723127971e+02  1.6124825356e-03 -1.6389763852e-02 
 9.5002115905e+02  1.4704531836e-03 -1.5665020295e-02 
 9.9482923795e+02  1.3407167154e-03 -1.4971200039e-02 
 1.0417507055e+03  1.2222261869e-03 -1.4307128405e-02 
 1.0908852404e+03  1.1140209671e-03 -1.3671656255e-02 
 1.1423372228e+03  1.0152201032e-03 -1.3063662215e-02 
 1.1962159558e+03  9.2501611250e-04 -1.2482054391e-02 
 1.2526358981e+03  8.4266918974e-04 -1.1925771654e-02 
 1.3117169066e+03  7.6750181370e-04 -1.1393784552e-02 
 1.3735844914e+03  6.9889373604e-04 -1.0885095894e-02 
 1.4383700824e+03  6.3627733359e-04 -1.0398741072e-02 
 1.5062113084e+03  5.7913330487e-04 -9.9337881373e-03 
 1.5772522895e+03  5.2698669101e-04 -9.4893376944e-03 
 1.6516439431e+03  4.7940320150e-04 -9.0645226228e-03 
 1.7295443051e+03  4.3598582526e-04 -8.6585076652e-03 
 1.8111188647e+03  3.9637170840e-04 -8.2704889053e-03 
 1.8965409168e+03  3.6022928018e-04 -7.8996931529e-03 
 1.9859919298e+03  3.2725560990e-04 -7.5453772575e-03 
 2.0796619310e+03  2.9717397793e-04 -7.2068273649e-03 
 2.1777499104e+03  2.6973164517e-04 -6.8833581300e-03 
 2.2804642436e+03  2.4469780598e-04 -6.5743118976e-03 
 2.3880231340e+03  2.2186171065e-04 -6.2790578618e-03 
 2.5006550770e+03  2.0103094414e-04 -5.9969912110e-03 
 2.6185993448e+03  1.8202984899e-04 -5.7275322663e-03 
 2.7421064951e+03  1.6469808075e-04 -5.4701256201e-03 
 2.8714389031e+03  1.4888928554e-04 -5.2242392783e-03 
 3.0068713192e+03  1.3446988961e-04 -4.9893638109e-03 
 3.1486914524e+03  1.2131799197e-04 -4.7650115157e-03 
 3.2972005816e+03  1.0932235144e-04 -4.5507155955e-03 
 3.4527141956e+03  9.8381460491e-05 -4.3460293527e-03 
 3.6155626634e+03  8.8402698452e-05 -4.1505254036e-03 
 3.7860919359e+03  7.9301557618e-05 -3.9637949114e-03 
 3.9646642809e+03  7.1000936031e-05 -3.7854468414e-03 
 4.1516590528e+03  6.3430491336e-05 -3.6151072381e-03 
 4.3474734983e+03  5.6526050531e-05 -3.4524185241e-03 
 4.5525236003e+03  5.0229070863e-05 -3.2970388229e-03 
 4.7672449617e+03  4.4486147495e-05 -3.1486413030e-03 
 4.9920937310e+03  3.9248563952e-05 -3.0069135465e-03 
 5.2275475708e+03  3.4471881675e-05 -2.8715569388e-03 
 5.4741066730e+03  3.0115565309e-05 -2.7422860818e-03 
 5.7322948211e+03  2.6142640659e-05 -2.6188282282e-03 
 6.0026605032e+03  2.2519382491e-05 -2.5009227384e-03 
 6.2857780768e+03  1.9215029585e-05 -2.3883205575e-03 
 6.5822489894e+03  1.6201524696e-05 -2.2807837136e-03 
 6.8927030559e+03  1.3453277245e-05 -2.1780848358e-03 
 7.2177997966e+03  1.0946946784e-05 -2.0800066918e-03 
 7.5582298383e+03  8.6612454073e-06 -1.9863417443e-03 
 7.9147163815e+03  6.5767574760e-06 -1.8968917258e-03 
 8.2880167367e+03  4.6757751397e-06 -1.8114672311e-03 
 8.6789239332e+03  2.9421482768e-06 -1.7298873266e-03 
 9.0882684038e+03  1.3611475958e-06 -1.6519791763e-03 
 9.5169197489e+03 -8.0660251395e-08 -1.5775776838e-03 
 9.9657885841e+03 -1.3955265969e-06 -1.5065251492e-03 
 1.0435828474e+04 -2.5946246811e-06 -1.4386709412e-03 
 1.0928037959e+04 -3.6881444519e-06 -1.3738711824e-03 
 1.1443462677e+04 -4.6853790363e-06 -1.3119884497e-03 
 1.1983197580e+04 -5.5948036146e-06 -1.2528914862e-03 
 1.2548389268e+04 -6.4241473640e-06 -1.1964549267e-03 
 1.3140238419e+04 -7.1804590779e-06 -1.1425590343e-03 
 1.3760002342e+04 -7.8701670166e-06 -1.0910894498e-03 
 1.4408997645e+04 -8.4991334959e-06 -1.0419369505e-03 
 1.5088603039e+04 -9.0727046739e-06 -9.9499722090e-04 
 1.5800262257e+04 -9.5957559598e-06 -9.5017063313e-04 
 1.6545487130e+04 -1.0072733427e-05 -9.0736203673e-04 
 1.7325860794e+04 -1.0507691582e-05 -8.6648055818e-04 
 1.8143041054e+04 -1.0904327811e-05 -8.2743940909e-04 
 1.8998763906e+04 -1.1266013793e-05 -7.9015570303e-04 
 1.9894847223e+04 -1.1595824148e-05 -7.5455028034e-04 
 2.0833194623e+04 -1.1896562564e-05 -7.2054754091e-04 
 2.1815799504e+04 -1.2170785617e-05 -6.8807528428e-04 
 2.2844749288e+04 -1.2420824504e-05 -6.5706455690e-04 
 2.3922229846e+04 -1.2648804848e-05 -6.2744950627e-04 
 2.5050530150e+04 -1.2856664765e-05 -5.9916724146e-04 
 2.6232047130e+04 -1.3046171337e-05 -5.7215770003e-04 
 2.7469290771e+04 -1.3218935631e-05 -5.4636352072e-04 
 2.8764889439e+04 -1.3376426389e-05 -5.2172992199e-04 
 3.0121595470e+04 -1.3519982516e-05 -4.9820458588e-04 
 3.1542291013e+04 -1.3650824458e-05 -4.7573754716e-04 
 3.3029994156e+04 -1.3770064576e-05 -4.5428108736e-04 
 3.4587865336e+04 -1.3878716604e-05 -4.3378963362e-04 
 3.6219214053e+04 -1.3977704261e-05 -4.1421966204e-04 
 3.7927505901e+04 -1.4067869108e-05 -3.9552960532e-04 
 3.9716369929e+04 -1.4149977700e-05 -3.7767976467e-04 
 4.1589606352e+04 -1.4224728101e-05 -3.6063222548e-04 
 4.3551194623e+04 -1.4292755822e-05 -3.4435077697e-04 
 4.5605301888e+04 -1.4354639218e-05 -3.2880083528e-04 
 4.7756291838e+04 -1.4410904410e-05 -3.1394937013e-04 
 5.0008733979e+04 -1.4462029753e-05 -2.9976483469e-04 
 5.2367413337e+04 -1.4508449906e-05 -2.8621709863e-04 
 5.4837340629e+04 -1.4550559528e-05 -2.7327738417e-04 
 5.7423762902e+04 -1.4588716627e-05 -2.6091820500e-04 
 6.0132174683e+04 -1.4623245611e-05 -2.4911330793e-04 
 6.2968329649e+04 -1.4654440042e-05 -2.3783761717e-04 
 6.5938252851e+04 -1.4682565131e-05 -2.2706718110e-04 
 6.9048253517e+04 -1.4707859997e-05 -2.1677912142e-04 
 7.2304938446e+04 -1.4730539695e-05 -2.0695158461e-04 
 7.5715226055e+04 -1.4750797046e-05 -1.9756369552e-04 
 7.9286361068e+04 -1.4768804279e-05 -1.8859551308e-04 
 8.3025929906e+04 -1.4784714494e-05 -1.8002798799e-04 
 8.6941876812e+04 -1.4798662959e-05 -1.7184292228e-04 
 9.1042520718e+04 -1.4810768267e-05 -1.6402293074e-04 
 9.5336572922e+04 -1.4821133344e-05 -1.5655140398e-04 
 9.9833155594e+04 -1.4829846318e-05 -1.4941247327e-04 
 1.0454182115e+05 -1.4836981277e-05 -1.4259097688e-04 
 1.0947257257e+05 -1.4842598892e-05 -1.3607242793e-04 
 1.1463588459e+05 -1.4846746940e-05 -1.2984298373e-04 
 1.2004272602e+05 -1.4849460708e-05 -1.2388941645e-04 
 1.2570458300e+05 -1.4850763295e-05 -1.1819908515e-04 
 1.3163348345e+05 -1.4850665812e-05 -1.1275990907e-04 
 1.3784202255e+05 -1.4849167477e-05 -1.0756034209e-04 
 1.4434338956e+05 -1.4846255612e-05 -1.0258934838e-04 
 1.5115139581e+05 -1.4841905543e-05 -9.7836379200e-05 
 1.5828050405e+05 -1.4836080392e-05 -9.3291350649e-05 
 1.6574585916e+05 -1.4828730776e-05 -8.8944622568e-05 
 1.7356332034e+05 -1.4819794395e-05 -8.4786978345e-05 
 1.8174949481e+05 -1.4809195515e-05 -8.0809605697e-05 
 1.9032177304e+05 -1.4796844349e-05 -7.7004078362e-05 
 1.9929836577e+05 -1.4782636309e-05 -7.3362338671e-05 
 2.0869834261e+05 -1.4766451158e-05 -6.9876680990e-05 
 2.1854167264e+05 -1.4748152020e-05 -6.6539735989e-05 
 2.2884926676e+05 -1.4727584281e-05 -6.3344455730e-05 
 2.3964302214e+05 -1.4704574338e-05 -6.0284099561e-05 
 2.5094586876e+05 -1.4678928220e-05 -5.7352220794e-05 
 2.6278181808e+05 -1.4650430065e-05 -5.4542654182e-05 
 2.7517601407e+05 -1.4618840440e-05 -5.1849504171e-05 
 2.8815478663e+05 -1.4583894521e-05 -4.9267133953e-05 
 3.0174570752e+05 -1.4545300109e-05 -4.6790155321e-05 
 3.1597764892e+05 -1.4502735509e-05 -4.4413419351e-05 
 3.3088084481e+05 -1.4455847256e-05 -4.2132007936e-05 
 3.4648695511e+05 -1.4404247717e-05 -3.9941226213e-05 
 3.6282913305e+05 -1.4347512578e-05 -3.7836595930e-05 
 3.7994209550e+05 -1.4285178250e-05 -3.5813849793e-05 
 3.9786219678e+05 -1.4216739246e-05 -3.3868926890e-05 
 4.1662750589e+05 -1.4141645578e-05 -3.1997969240e-05 
 4.3627788734e+05 -1.4059300259e-05 -3.0197319568e-05 
 4.5685508587e+05 -1.3969057034e-05 -2.8463520400e-05 
 4.7840281514e+05 -1.3870218464e-05 -2.6793314571e-05 
 5.0096685056e+05 -1.3762034569e-05 -2.5183647264e-05 
 5.2459512658e+05 -1.3643702254e-05 -2.3631669645e-05 
 5.4933783847e+05 -1.3514365820e-05 -2.2134744208e-05 
 5.7524754898e+05 -1.3373118918e-05 -2.0690451845e-05 
 6.0237930001e+05 -1.3219008384e-05 -1.9296600656e-05 
 6.3079072953e+05 -1.3051040476e-05 -1.7951236423e-05 
 6.6054219403e+05 -1.2868190101e-05 -1.6652654537e-05 
 6.9169689671e+05 -1.2669413705e-05 -1.5399413085e-05 
 7.2432102179e+05 -1.2453666533e-05 -1.4190346527e-05 
 7.5848387510e+05 -1.2219924997e-05 -1.3024579233e-05 
 7.9425803128e+05 -1.1967214837e-05 -1.1901537803e-05 
 8.3171948800e+05 -1.1694645616e-05 -1.0820960780e-05 
 8.7094782738e+05 -1.1401451864e-05 -9.7829040145e-06 
 9.1202638505e+05 -1.1087040791e-05 -8.7877395647e-06 
 9.5504242721e+05 -1.0751045890e-05 -7.8361457426e-06 
 1.0000873360e+06 -1.0393385051e-05 -6.9290857395e-06 
 1.0472568035e+06 -1.0014320839e-05 -6.0677723100e-06 
 1.0966510355e+06 -9.6145195793e-06 -5.2536163566e-06 
 1.1483749636e+06 -9.1951048138e-06 -4.4881580205e-06 
 1.2025384688e+06 -8.7576997951e-06 -3.7729801168e-06 
 1.2592566146e+06 -8.3044530829e-06 -3.1096054518e-06 
 1.3186498915e+06 -7.8380413261e-06 -2.4993816411e-06 
 1.3808444729e+06 -7.3616440875e-06 -1.9433592976e-06 
 1.4459724835e+06 -6.8788872689e-06 -1.4421715575e-06 
 1.5141722794e+06 -6.3937542975e-06 -9.9592445609e-07 
 1.5855887424e+06 -5.9104675255e-06 -6.0410823958e-07 
 1.6603735878e+06 -5.4333458725e-06 -2.6553897879e-07 
 1.7386856864e+06 -4.9666480183e-06  2.1662279988e-08 
 1.8206914025e+06 -4.5144128379e-06  2.6004897836e-07 
 1.9065649467e+06 -4.0803097308e-06  4.5278747341e-07 
 1.9964887466e+06 -3.6675107833e-06  6.0355913014e-07 
 2.0906538338e+06 -3.2785943620e-06  7.1643455379e-07 
 2.1892602501e+06 -2.9154861777e-06  7.9573101172e-07 
 2.2925174725e+06 -2.5794396993e-06  8.4586509772e-07 
 2.4006448576e+06 -2.2710537471e-06  8.7121208206e-07 
 2.5138721086e+06 -1.9903217630e-06  8.7598143235e-07 
 2.6324397623e+06 -1.7367050529e-06  8.6411516512e-07 
 2.7565997007e+06 -1.5092213491e-06  8.3921254793e-07 
 2.8866156859e+06 -1.3065402493e-06  8.0448172182e-07 
 3.0227639202e+06 -1.1270781701e-06  7.6271641270e-07 
 3.1653336335e+06 -9.6908706689e-07  7.1629423449e-07 
 3.3146276969e+06 -8.3073297319e-07  6.6719217854e-07 
 3.4709632669e+06 -7.1016213548e-07  6.1701463761e-07 
 3.6346724585e+06 -6.0555398248e-07  5.6702956765e-07 
 3.8061030511e+06 -5.1516128995e-07  5.1820896790e-07 
 3.9856192274e+06 -4.3733866438e-07  4.7127059714e-07 
 4.1736023466e+06 -3.7056091140e-07  4.2671861532e-07 
 4.3704517552e+06 -3.1343303788e-07  3.8488155683e-07 
 4.5765856346e+06 -2.6469363036e-07  3.4594665622e-07 
 4.7924418903e+06 -2.2321322151e-07  3.0999003816e-07 
 5.0184790815e+06 -1.8798905585e-07  2.7700265120e-07 
 5.2551773956e+06 -1.5813743557e-07  2.4691208190e-07 
 5.5030396680e+06 -1.3288459702e-07  2.1960055093e-07 
 5.7625924510e+06 -1.1155685462e-07  1.9491948541e-07 
 6.0343871313e+06 -9.3570562143e-08  1.7270110098e-07 
 6.3190011024e+06 -7.8422284380e-08  1.5276742926e-07 
 6.6170389906e+06 -6.5679445476e-08  1.3493720423e-07 
 6.9291339396e+06 -5.4971620871e-08  1.1903098461e-07 
 7.2559489556e+06 -4.5982564528e-08  1.0487484613e-07 
 7.5981783157e+06 -3.8443007725e-08  9.2302932130e-08 
 7.9565490428e+06 -3.2124226587e-08  8.1159107081e-08 
 8.3318224500e+06 -2.6832348999e-08  7.1297916807e-08 
 8.7247957582e+06 -2.2403354796e-08  6.2585022695e-08 
 9.1363037894e+06 -1.8698713568e-08  5.4897245443e-08 
 9.5672207402e+06 -1.5601600101e-08  4.8122326626e-08 
 1.0018462039e+07 -1.3013626809e-08  4.2158493595e-08 
 1.0490986291e+07 -1.0852034336e-08  3.6913894244e-08 
 1.0985797314e+07 -9.0472848855e-09  3.2305952736e-08 
 1.1503946271e+07 -7.5410071043e-09  2.8260684774e-08 
 1.2046533904e+07 -6.2842460755e-09  2.4712000991e-08 
 1.2614712872e+07 -5.2359767931e-09  2.1601019139e-08 
 1.3209690199e+07 -4.3618441931e-09  1.8875399568e-08 
 1.3832729839e+07 -3.6330972701e-09  1.6488713706e-08 
 1.4485155361e+07 -3.0256889260e-09  1.4399851584e-08 
 1.5168352759e+07 -2.5195169385e-09  1.2572471729e-08 
 1.5883773401e+07 -2.0977847963e-09  1.0974494684e-08 
 1.6632937106e+07 -1.7464641231e-09  9.5776399593e-09 
 1.7417435379e+07 -1.4538430369e-09  8.3570051947e-09 
 1.8238934786e+07 -1.2101470756e-09  7.2906855741e-09 
 1.9099180499e+07 -1.0072213088e-09  6.3594311370e-09 
 2.0000000000e+07 -8.3826396800e-10  5.5463393443e-09 
