 time v(n_buf_out) v(n_sens_in) i(v_link_u1_a)
 0.000000000e+00 2.499999867e+00 1.502700000e+01 5.000005306e-12
 3.109328000e-06 2.499999867e+00 1.502700000e+01 5.000006971e-12
 8.317452400e-05 2.499999867e+00 1.502700000e+01 4.999999477e-12
 1.803410240e-04 2.499999867e+00 1.502700000e+01 5.000000587e-12
 2.192076240e-04 2.499999867e+00 1.502700000e+01 4.999999477e-12
 3.163741240e-04 2.499999867e+00 1.502700000e+01 5.000002808e-12
 4.912738240e-04 2.499999867e+00 1.502700000e+01 4.999999755e-12
 6.273069240e-04 2.499999867e+00 1.502700000e+01 4.999999477e-12
 6.856068240e-04 2.499999867e+00 1.502700000e+01 5.000002808e-12
 8.022066240e-04 2.499999867e+00 1.502700000e+01 5.000000587e-12
 8.216399240e-04 2.499999867e+00 1.502700000e+01 5.000002530e-12
 1.035406224e-03 2.499999867e+00 1.502700000e+01 4.999999616e-12
 1.113139424e-03 2.499999867e+00 1.502700000e+01 4.999999477e-12
 1.190872624e-03 2.499999867e+00 1.502700000e+01 5.000002808e-12
 1.424072224e-03 2.499999867e+00 1.502700000e+01 5.000001975e-12
 1.735005024e-03 2.499999867e+00 1.502700000e+01 5.000001975e-12
 2.045937824e-03 2.499999867e+00 1.502700000e+01 5.000001975e-12
 2.356870624e-03 2.499999867e+00 1.502700000e+01 5.000001975e-12
 2.667803424e-03 2.499999867e+00 1.502700000e+01 5.000001975e-12
 2.978736224e-03 2.499999867e+00 1.502700000e+01 5.000001975e-12
 3.289669024e-03 2.499999867e+00 1.502700000e+01 5.000001975e-12
 3.620035124e-03 2.499999867e+00 1.502700000e+01 5.000001975e-12
 3.930967924e-03 2.499999867e+00 1.502700000e+01 5.000001975e-12
 4.241900724e-03 2.499999867e+00 1.502700000e+01 5.000001975e-12
 4.552833524e-03 2.499999867e+00 1.502700000e+01 5.000001975e-12
 4.863766324e-03 2.499999867e+00 1.502700000e+01 5.000001975e-12
 5.174699124e-03 2.499999867e+00 1.502700000e+01 5.000001975e-12
 5.485631924e-03 2.499999867e+00 1.502700000e+01 5.000001975e-12
 5.796564724e-03 2.499999867e+00 1.502700000e+01 5.000001975e-12
 6.107497524e-03 2.499999867e+00 1.502700000e+01 5.000001975e-12
 6.418430324e-03 2.499999867e+00 1.502700000e+01 5.000001975e-12
 6.729363124e-03 2.499999867e+00 1.502700000e+01 5.000001975e-12
 7.040295924e-03 2.499999867e+00 1.502700000e+01 5.000001975e-12
 7.067447333e-03 2.500035914e+00 1.652700000e+01 5.000060817e-12
 7.112478034e-03 2.506323824e+00 1.652700000e+01 5.012625209e-12
 7.131911334e-03 2.508989585e+00 1.652700000e+01 5.017957332e-12
 7.423410834e-03 2.545648949e+00 1.652700000e+01 5.091280894e-12
 7.442844134e-03 2.547884511e+00 1.652700000e+01 5.095754399e-12
 7.734343634e-03 2.578627659e+00 1.652700000e+01 5.157240070e-12
 7.753776934e-03 2.580502446e+00 1.652700000e+01 5.160990680e-12
 8.045276434e-03 2.606284159e+00 1.652700000e+01 5.212554567e-12
 8.064709734e-03 2.607856391e+00 1.652700000e+01 5.215706490e-12
 8.356209234e-03 2.629477363e+00 1.652700000e+01 5.258943011e-12
 8.375642534e-03 2.630795867e+00 1.652700000e+01 5.261581039e-12
 8.667142034e-03 2.648927573e+00 1.652700000e+01 5.297849108e-12
 8.686575334e-03 2.650033294e+00 1.652700000e+01 5.300062198e-12
 8.978074834e-03 2.665238846e+00 1.652700000e+01 5.330473563e-12
 8.997508134e-03 2.666166123e+00 1.652700000e+01 5.332329162e-12
 9.289007634e-03 2.678917752e+00 1.652700000e+01 5.357830982e-12
 9.308440934e-03 2.679695382e+00 1.652700000e+01 5.359387514e-12
 9.599940434e-03 2.690389112e+00 1.652700000e+01 5.380773044e-12
 9.619373734e-03 2.691041246e+00 1.652700000e+01 5.382076862e-12
 9.910873234e-03 2.700009187e+00 1.652700000e+01 5.400015983e-12
 9.930306534e-03 2.700556076e+00 1.652700000e+01 5.401107055e-12
 1.022180603e-02 2.708076742e+00 1.652700000e+01 5.416152795e-12
 1.024123933e-02 2.708535373e+00 1.652700000e+01 5.417068313e-12
 1.053273883e-02 2.714842330e+00 1.652700000e+01 5.429685302e-12
 1.055217213e-02 2.715226944e+00 1.652700000e+01 5.430455103e-12
 1.086310493e-02 2.720838608e+00 1.652700000e+01 5.441678208e-12
 1.088253823e-02 2.721157617e+00 1.652700000e+01 5.442315060e-12
 1.117403773e-02 2.725544644e+00 1.652700000e+01 5.451086376e-12
 1.119347103e-02 2.725812170e+00 1.652700000e+01 5.451622336e-12
 1.148497053e-02 2.729491204e+00 1.652700000e+01 5.458979505e-12
 1.150440383e-02 2.729715556e+00 1.652700000e+01 5.459430533e-12
 1.179590333e-02 2.732800855e+00 1.652700000e+01 5.465601707e-12
 1.181533663e-02 2.732989001e+00 1.652700000e+01 5.465976408e-12
 1.210683613e-02 2.735576384e+00 1.652700000e+01 5.471153238e-12
 1.212626943e-02 2.735734166e+00 1.652700000e+01 5.471471872e-12
 1.241776893e-02 2.737903989e+00 1.652700000e+01 5.475810068e-12
 1.243720223e-02 2.738036308e+00 1.652700000e+01 5.476075273e-12
 1.272870173e-02 2.739855958e+00 1.652700000e+01 5.479712918e-12
 1.274813503e-02 2.739966923e+00 1.652700000e+01 5.479935657e-12
 1.303963453e-02 2.741492912e+00 1.652700000e+01 5.482984051e-12
 1.305906783e-02 2.741585969e+00 1.652700000e+01 5.483172095e-12
 1.335056733e-02 2.742865688e+00 1.652700000e+01 5.485731714e-12
 1.337000063e-02 2.742943728e+00 1.652700000e+01 5.485888811e-12
 1.366150013e-02 2.744016922e+00 1.652700000e+01 5.488035288e-12
 1.368093343e-02 2.744082367e+00 1.652700000e+01 5.488165600e-12
 1.397243293e-02 2.744982366e+00 1.652700000e+01 5.489964161e-12
 1.399186623e-02 2.745037249e+00 1.652700000e+01 5.490078098e-12
 1.428336573e-02 2.745792003e+00 1.652700000e+01 5.491583699e-12
 1.430279903e-02 2.745838029e+00 1.652700000e+01 5.491679317e-12
 1.461373183e-02 2.746509577e+00 1.652700000e+01 5.493019356e-12
 1.463316513e-02 2.746547753e+00 1.652700000e+01 5.493098876e-12
 1.492466463e-02 2.747072748e+00 1.652700000e+01 5.494149285e-12
 1.494409793e-02 2.747104763e+00 1.652700000e+01 5.494210070e-12
 1.523559743e-02 2.747545032e+00 1.652700000e+01 5.495089089e-12
 1.525503073e-02 2.747571881e+00 1.652700000e+01 5.495149457e-12
 1.554653023e-02 2.747941098e+00 1.652700000e+01 5.495881233e-12
 1.556596353e-02 2.747963614e+00 1.652700000e+01 5.495925781e-12
 1.585746303e-02 2.748273246e+00 1.652700000e+01 5.496547922e-12
 1.587689633e-02 2.748292127e+00 1.652700000e+01 5.496583865e-12
 1.616839583e-02 2.748551790e+00 1.652700000e+01 5.497104560e-12
 1.618782913e-02 2.748567625e+00 1.652700000e+01 5.497136340e-12
 1.647932863e-02 2.748785382e+00 1.652700000e+01 5.497570854e-12
 1.649876193e-02 2.748798661e+00 1.652700000e+01 5.497600552e-12
 1.679026143e-02 2.748981276e+00 1.652700000e+01 5.497964705e-12
 1.680969473e-02 2.748992412e+00 1.652700000e+01 5.497984134e-12
 1.710119423e-02 2.749145556e+00 1.652700000e+01 5.498289307e-12
 1.712062753e-02 2.749154895e+00 1.652700000e+01 5.498313315e-12
 1.741212703e-02 2.749283324e+00 1.652700000e+01 5.498566585e-12
 1.743156033e-02 2.749291156e+00 1.652700000e+01 5.498583516e-12
 1.772305983e-02 2.749398859e+00 1.652700000e+01 5.498802368e-12
 1.774249313e-02 2.749405427e+00 1.652700000e+01 5.498813193e-12
 1.803399263e-02 2.749495748e+00 1.652700000e+01 5.498996796e-12
 1.805342593e-02 2.749501256e+00 1.652700000e+01 5.499001376e-12
 1.836435873e-02 2.749581620e+00 1.652700000e+01 5.499165966e-12
 1.838379203e-02 2.749586188e+00 1.652700000e+01 5.499170685e-12
 1.867529153e-02 2.749649015e+00 1.652700000e+01 5.499298916e-12
 1.869472483e-02 2.749652846e+00 1.652700000e+01 5.499309463e-12
 1.898622433e-02 2.749705533e+00 1.652700000e+01 5.499408411e-12
 1.900565763e-02 2.749708746e+00 1.652700000e+01 5.499422705e-12
 1.929715713e-02 2.749752930e+00 1.652700000e+01 5.499505833e-12
 1.931659043e-02 2.749755625e+00 1.652700000e+01 5.499511523e-12
 1.960808993e-02 2.749792678e+00 1.652700000e+01 5.499583965e-12
 1.962752323e-02 2.749794938e+00 1.652700000e+01 5.499590904e-12
 1.991902273e-02 2.749826012e+00 1.652700000e+01 5.499650162e-12
 1.993845603e-02 2.749827907e+00 1.652700000e+01 5.499660571e-12
 2.022995553e-02 2.749853965e+00 1.652700000e+01 5.499707894e-12
 2.024938883e-02 2.749855555e+00 1.652700000e+01 5.499711780e-12
 2.052145503e-02 2.749876061e+00 1.652700000e+01 5.499754662e-12
 2.054088833e-02 2.749877408e+00 1.652700000e+01 5.499753830e-12
 2.056032163e-02 2.749878741e+00 1.652700000e+01 5.499761185e-12
 2.085182113e-02 2.749897068e+00 1.652700000e+01 5.499796573e-12
 2.087125443e-02 2.749898185e+00 1.652700000e+01 5.499798516e-12
 2.089068773e-02 2.749899291e+00 1.652700000e+01 5.499796989e-12
 2.116275393e-02 2.749913554e+00 1.652700000e+01 5.499830574e-12
 2.118218723e-02 2.749914491e+00 1.652700000e+01 5.499825855e-12
 2.143482013e-02 2.749925782e+00 1.652700000e+01 5.499855415e-12
 2.147368673e-02 2.749927380e+00 1.652700000e+01 5.499852639e-12
 2.149312003e-02 2.749928166e+00 1.652700000e+01 5.499857635e-12
 2.178461953e-02 2.749938975e+00 1.652700000e+01 5.499878174e-12
 2.180405283e-02 2.749939634e+00 1.652700000e+01 5.499884558e-12
 2.182348613e-02 2.749940286e+00 1.652700000e+01 5.499883726e-12
 2.209555233e-02 2.749948698e+00 1.652700000e+01 5.499900934e-12
 2.211498563e-02 2.749949251e+00 1.652700000e+01 5.499898158e-12
 2.213441893e-02 2.749949798e+00 1.652700000e+01 5.499903848e-12
 2.215385223e-02 2.749950339e+00 1.652700000e+01 5.499902461e-12
 2.242591843e-02 2.749957316e+00 1.652700000e+01 5.499919808e-12
 2.244535173e-02 2.749957775e+00 1.652700000e+01 5.499919253e-12
 2.246478503e-02 2.749958228e+00 1.652700000e+01 5.499918143e-12
 2.263968473e-02 2.749962093e+00 1.652700000e+01 5.499929245e-12
 2.273685123e-02 2.749964080e+00 1.652700000e+01 5.499928690e-12
 2.275628453e-02 2.749964464e+00 1.652700000e+01 5.499929383e-12
 2.300891743e-02 2.749969096e+00 1.652700000e+01 5.499940625e-12
 2.304778403e-02 2.749969752e+00 1.652700000e+01 5.499938543e-12
 2.306721733e-02 2.749970074e+00 1.652700000e+01 5.499941457e-12
 2.314495053e-02 2.749971329e+00 1.652700000e+01 5.499940902e-12
 2.335871683e-02 2.749974508e+00 1.652700000e+01 5.499950061e-12
 2.337815013e-02 2.749974779e+00 1.652700000e+01 5.499948535e-12
 2.365021633e-02 2.749978268e+00 1.652700000e+01 5.499958943e-12
 2.366964963e-02 2.749978497e+00 1.652700000e+01 5.499958249e-12
 2.368908293e-02 2.749978724e+00 1.652700000e+01 5.499956584e-12
 2.398058243e-02 2.749981843e+00 1.652700000e+01 5.499966576e-12
 2.400001573e-02 2.749982033e+00 1.652700000e+01 5.499964355e-12
 2.423321533e-02 2.749984159e+00 1.652700000e+01 5.499972821e-12
 2.429151523e-02 2.749984648e+00 1.652700000e+01 5.499967131e-12
 2.431094853e-02 2.749984808e+00 1.652700000e+01 5.499967964e-12
 2.454414813e-02 2.749986591e+00 1.652700000e+01 5.499975041e-12
 2.460244803e-02 2.749987001e+00 1.652700000e+01 5.499974625e-12
 2.462188133e-02 2.749987135e+00 1.652700000e+01 5.499974209e-12
 2.483564763e-02 2.749988513e+00 1.652700000e+01 5.499982119e-12
 2.491338083e-02 2.749988974e+00 1.652700000e+01 5.499980037e-12
 2.493281413e-02 2.749989086e+00 1.652700000e+01 5.499979899e-12
 2.516601373e-02 2.749990340e+00 1.652700000e+01 5.499977817e-12
 2.520488033e-02 2.749990533e+00 1.652700000e+01 5.499983923e-12
 2.522431363e-02 2.749990628e+00 1.652700000e+01 5.499982813e-12
 2.524374693e-02 2.749990722e+00 1.652700000e+01 5.499984062e-12
 2.541864663e-02 2.749991524e+00 1.652700000e+01 5.499982813e-12
 2.553524643e-02 2.749992016e+00 1.652700000e+01 5.499985866e-12
 2.555467973e-02 2.749992095e+00 1.652700000e+01 5.499984062e-12
 2.584617923e-02 2.749993180e+00 1.652700000e+01 5.499991278e-12
 2.586561253e-02 2.749993246e+00 1.652700000e+01 5.499988919e-12
 2.588504583e-02 2.749993311e+00 1.652700000e+01 5.499991417e-12
 2.590447913e-02 2.749993376e+00 1.652700000e+01 5.499985172e-12
 2.611824543e-02 2.749994043e+00 1.652700000e+01 5.499992389e-12
 2.617654533e-02 2.749994211e+00 1.652700000e+01 5.499987948e-12
 2.619597863e-02 2.749994266e+00 1.652700000e+01 5.499991556e-12
 2.625427853e-02 2.749994427e+00 1.652700000e+01 5.499985311e-12
 2.642917823e-02 2.749994879e+00 1.652700000e+01 5.499993221e-12
 2.648747813e-02 2.749995020e+00 1.652700000e+01 5.499991834e-12
 2.650691143e-02 2.749995066e+00 1.652700000e+01 5.499992389e-12
 2.664294453e-02 2.749995375e+00 1.652700000e+01 5.499990862e-12
 2.666237783e-02 2.749995417e+00 1.652700000e+01 5.499995858e-12
 2.679841093e-02 2.749995699e+00 1.652700000e+01 5.499992111e-12
 2.681784423e-02 2.749995737e+00 1.652700000e+01 5.499991834e-12
 2.683727753e-02 2.749995776e+00 1.652700000e+01 5.499991278e-12
 2.695387733e-02 2.749995996e+00 1.652700000e+01 5.499998495e-12
 2.710934373e-02 2.749996268e+00 1.652700000e+01 5.499991695e-12
 2.712877703e-02 2.749996300e+00 1.652700000e+01 5.499992250e-12
 2.720651023e-02 2.749996427e+00 1.652700000e+01 5.499998634e-12
 2.742027653e-02 2.749996745e+00 1.652700000e+01 5.499996552e-12
 2.743970983e-02 2.749996773e+00 1.652700000e+01 5.499995442e-12
 2.749800973e-02 2.749996852e+00 1.652700000e+01 5.499992250e-12
 2.763404283e-02 2.749997028e+00 1.652700000e+01 5.500000021e-12
 2.773120933e-02 2.749997146e+00 1.652700000e+01 5.499992944e-12
 2.775064263e-02 2.749997169e+00 1.652700000e+01 5.499999327e-12
 2.778950923e-02 2.749997213e+00 1.652700000e+01 5.499992666e-12
 2.800327553e-02 2.749997443e+00 1.652700000e+01 5.500000021e-12
 2.804214213e-02 2.749997482e+00 1.652700000e+01 5.499997385e-12
 2.806157543e-02 2.749997501e+00 1.652700000e+01 5.499999189e-12
 2.821704183e-02 2.749997646e+00 1.652700000e+01 5.500000715e-12
 2.827534173e-02 2.749997697e+00 1.652700000e+01 5.499993499e-12
 2.835307493e-02 2.749997763e+00 1.652700000e+01 5.499998495e-12
 2.837250823e-02 2.749997779e+00 1.652700000e+01 5.499993221e-12
 2.866400773e-02 2.749997999e+00 1.652700000e+01 5.500000576e-12
 2.868344103e-02 2.749998013e+00 1.652700000e+01 5.500001132e-12
 2.870287433e-02 2.749998026e+00 1.652700000e+01 5.499994887e-12
 2.897494053e-02 2.749998197e+00 1.652700000e+01 5.499998356e-12
 2.899437383e-02 2.749998209e+00 1.652700000e+01 5.500001270e-12
 2.901380713e-02 2.749998220e+00 1.652700000e+01 5.499993499e-12
 2.928587333e-02 2.749998363e+00 1.652700000e+01 5.499996830e-12
 2.930530663e-02 2.749998373e+00 1.652700000e+01 5.500000854e-12
 2.938303983e-02 2.749998409e+00 1.652700000e+01 5.500001132e-12
 2.944133973e-02 2.749998436e+00 1.652700000e+01 5.499994193e-12
 2.961623943e-02 2.749998510e+00 1.652700000e+01 5.500000021e-12
 2.963567273e-02 2.749998518e+00 1.652700000e+01 5.499999605e-12
 2.965510603e-02 2.749998526e+00 1.652700000e+01 5.500001270e-12
 2.984943903e-02 2.749998599e+00 1.652700000e+01 5.499994332e-12
 2.992717223e-02 2.749998626e+00 1.652700000e+01 5.499998772e-12
 2.994660553e-02 2.749998633e+00 1.652700000e+01 5.499996413e-12
 3.017980513e-02 2.749998706e+00 1.652700000e+01 5.500001825e-12
 3.021867173e-02 2.749998717e+00 1.652700000e+01 5.499996274e-12
 3.023810503e-02 2.749998723e+00 1.652700000e+01 5.500000299e-12
 3.025753833e-02 2.749998728e+00 1.652700000e+01 5.500000993e-12
 3.041300473e-02 2.749998770e+00 1.652700000e+01 5.500001687e-12
 3.043243803e-02 2.749998775e+00 1.652700000e+01 5.499996691e-12
 3.054903783e-02 2.749998804e+00 1.652700000e+01 5.500000160e-12
 3.056847113e-02 2.749998809e+00 1.652700000e+01 5.500001825e-12
 3.074337083e-02 2.749998848e+00 1.652700000e+01 5.500001964e-12
 3.080167073e-02 2.749998860e+00 1.652700000e+01 5.499994748e-12
 3.085997063e-02 2.749998872e+00 1.652700000e+01 5.500001964e-12
 3.087940393e-02 2.749998876e+00 1.652700000e+01 5.499997246e-12
 3.095713713e-02 2.749998891e+00 1.652700000e+01 5.499994193e-12
 3.101543703e-02 2.749998902e+00 1.652700000e+01 5.500000993e-12
 3.117090343e-02 2.749998929e+00 1.652700000e+01 5.499994470e-12
 3.119033673e-02 2.749998933e+00 1.652700000e+01 5.500001409e-12
 3.122920333e-02 2.749998939e+00 1.652700000e+01 5.500001964e-12
 3.126806993e-02 2.749998945e+00 1.652700000e+01 5.499994193e-12
 3.148183623e-02 2.749998977e+00 1.652700000e+01 5.500001132e-12
 3.150126953e-02 2.749998980e+00 1.652700000e+01 5.499999605e-12
 3.157900273e-02 2.749998990e+00 1.652700000e+01 5.499996274e-12
 3.171503583e-02 2.749999008e+00 1.652700000e+01 5.500001409e-12
 3.179276903e-02 2.749999017e+00 1.652700000e+01 5.500000715e-12
 3.181220233e-02 2.749999020e+00 1.652700000e+01 5.500000299e-12
 3.183163563e-02 2.749999022e+00 1.652700000e+01 5.499995719e-12
 3.208426853e-02 2.749999049e+00 1.652700000e+01 5.500002103e-12
 3.210370183e-02 2.749999051e+00 1.652700000e+01 5.499996830e-12
 3.212313513e-02 2.749999053e+00 1.652700000e+01 5.500000854e-12
 3.222030163e-02 2.749999062e+00 1.652700000e+01 5.499996413e-12
 3.237576803e-02 2.749999076e+00 1.652700000e+01 5.500002103e-12
 3.241463463e-02 2.749999079e+00 1.652700000e+01 5.499998772e-12
 3.243406793e-02 2.749999081e+00 1.652700000e+01 5.499998772e-12
 3.251180113e-02 2.749999087e+00 1.652700000e+01 5.500002103e-12
 3.262840093e-02 2.749999096e+00 1.652700000e+01 5.499995025e-12
 3.272556743e-02 2.749999103e+00 1.652700000e+01 5.499999050e-12
 3.274500073e-02 2.749999104e+00 1.652700000e+01 5.500000438e-12
 3.288103383e-02 2.749999113e+00 1.652700000e+01 5.499994470e-12
 3.290046713e-02 2.749999115e+00 1.652700000e+01 5.500001548e-12
 3.303650023e-02 2.749999123e+00 1.652700000e+01 5.499999605e-12
 3.305593353e-02 2.749999124e+00 1.652700000e+01 5.500000438e-12
 3.326969983e-02 2.749999136e+00 1.652700000e+01 5.500001548e-12
 3.334743303e-02 2.749999139e+00 1.652700000e+01 5.499996552e-12
 3.336686633e-02 2.749999140e+00 1.652700000e+01 5.499999744e-12
 3.338629963e-02 2.749999141e+00 1.652700000e+01 5.500000299e-12
 3.342516623e-02 2.749999143e+00 1.652700000e+01 5.499995581e-12
 3.367779913e-02 2.749999154e+00 1.652700000e+01 5.500001687e-12
 3.369723243e-02 2.749999155e+00 1.652700000e+01 5.500000438e-12
 3.377496563e-02 2.749999158e+00 1.652700000e+01 5.500002103e-12
 3.383326553e-02 2.749999160e+00 1.652700000e+01 5.499994887e-12
 3.398873193e-02 2.749999166e+00 1.652700000e+01 5.500001270e-12
 3.400816523e-02 2.749999167e+00 1.652700000e+01 5.500001132e-12
 3.412476503e-02 2.749999170e+00 1.652700000e+01 5.500001825e-12
 3.424136483e-02 2.749999174e+00 1.652700000e+01 5.499997246e-12
 3.429966473e-02 2.749999176e+00 1.652700000e+01 5.500000160e-12
 3.431909803e-02 2.749999176e+00 1.652700000e+01 5.499996413e-12
 3.437739793e-02 2.749999178e+00 1.652700000e+01 5.500002242e-12
 3.441626453e-02 2.749999179e+00 1.652700000e+01 5.499996136e-12
 3.461059753e-02 2.749999184e+00 1.652700000e+01 5.499996274e-12
 3.463003083e-02 2.749999184e+00 1.652700000e+01 5.500000576e-12
 3.472719733e-02 2.749999187e+00 1.652700000e+01 5.499996968e-12
 3.478549723e-02 2.749999188e+00 1.652700000e+01 5.500001825e-12
 3.492153033e-02 2.749999191e+00 1.652700000e+01 5.499999744e-12
 3.494096363e-02 2.749999191e+00 1.652700000e+01 5.500000021e-12
 3.503813013e-02 2.749999193e+00 1.652700000e+01 5.500002242e-12
 3.519359653e-02 2.749999196e+00 1.652700000e+01 5.499999050e-12
 3.523246313e-02 2.749999196e+00 1.652700000e+01 5.500001270e-12
 3.525189643e-02 2.749999197e+00 1.652700000e+01 5.500000993e-12
 3.546566273e-02 2.749999200e+00 1.652700000e+01 5.499996136e-12
 3.548509603e-02 2.749999200e+00 1.652700000e+01 5.500002242e-12
 3.554339593e-02 2.749999201e+00 1.652700000e+01 5.499996136e-12
 3.556282923e-02 2.749999201e+00 1.652700000e+01 5.500001548e-12
 3.569886233e-02 2.749999203e+00 1.652700000e+01 5.500002242e-12
 3.579602883e-02 2.749999204e+00 1.652700000e+01 5.499994887e-12
 3.585432873e-02 2.749999205e+00 1.652700000e+01 5.499999466e-12
 3.587376203e-02 2.749999205e+00 1.652700000e+01 5.499997523e-12
 3.597092853e-02 2.749999207e+00 1.652700000e+01 5.500002103e-12
 3.614582823e-02 2.749999208e+00 1.652700000e+01 5.499994470e-12
 3.616526153e-02 2.749999209e+00 1.652700000e+01 5.500000299e-12
 3.618469483e-02 2.749999209e+00 1.652700000e+01 5.499998911e-12
 3.634016123e-02 2.749999210e+00 1.652700000e+01 5.500001687e-12
 3.647619433e-02 2.749999211e+00 1.652700000e+01 5.499994609e-12
 3.649562763e-02 2.749999212e+00 1.652700000e+01 5.500001132e-12
 3.657336083e-02 2.749999212e+00 1.652700000e+01 5.500001409e-12
 3.667052733e-02 2.749999213e+00 1.652700000e+01 5.499998911e-12
 3.678712713e-02 2.749999214e+00 1.652700000e+01 5.500000438e-12
 3.680656043e-02 2.749999214e+00 1.652700000e+01 5.499999466e-12
 3.702032673e-02 2.749999215e+00 1.652700000e+01 5.500002242e-12
 3.705919333e-02 2.749999215e+00 1.652700000e+01 5.499995303e-12
 3.711749323e-02 2.749999216e+00 1.652700000e+01 5.500001825e-12
 3.713692653e-02 2.749999216e+00 1.652700000e+01 5.500000438e-12
 3.719522643e-02 2.749999216e+00 1.652700000e+01 5.499994470e-12
 3.721465973e-02 2.749999216e+00 1.652700000e+01 5.500002242e-12
 3.742842603e-02 2.749999218e+00 1.652700000e+01 5.500000021e-12
 3.744785933e-02 2.749999218e+00 1.652700000e+01 5.500000715e-12
 3.746729263e-02 2.749999218e+00 1.652700000e+01 5.500002103e-12
 3.758389243e-02 2.749999218e+00 1.652700000e+01 5.499995164e-12
 3.773935883e-02 2.749999219e+00 1.652700000e+01 5.500001270e-12
 3.775879213e-02 2.749999219e+00 1.652700000e+01 5.500000576e-12
 3.777822543e-02 2.749999219e+00 1.652700000e+01 5.500001548e-12
 3.785595863e-02 2.749999219e+00 1.652700000e+01 5.499995858e-12
 3.805029163e-02 2.749999220e+00 1.652700000e+01 5.500000993e-12
 3.806972493e-02 2.749999220e+00 1.652700000e+01 5.499997246e-12
 3.826405793e-02 2.749999221e+00 1.652700000e+01 5.500002242e-12
 3.828349123e-02 2.749999221e+00 1.652700000e+01 5.499996552e-12
 3.836122443e-02 2.749999221e+00 1.652700000e+01 5.500000576e-12
 3.838065773e-02 2.749999221e+00 1.652700000e+01 5.500001132e-12
 3.849725753e-02 2.749999221e+00 1.652700000e+01 5.499995164e-12
 3.857499073e-02 2.749999222e+00 1.652700000e+01 5.500002242e-12
 3.867215723e-02 2.749999222e+00 1.652700000e+01 5.499999883e-12
 3.869159053e-02 2.749999222e+00 1.652700000e+01 5.499995442e-12
 3.871102383e-02 2.749999222e+00 1.652700000e+01 5.499995025e-12
 3.876932373e-02 2.749999222e+00 1.652700000e+01 5.500002242e-12
 3.898309003e-02 2.749999223e+00 1.652700000e+01 5.500002242e-12
 3.900252333e-02 2.749999223e+00 1.652700000e+01 5.499999744e-12
 3.908025653e-02 2.749999223e+00 1.652700000e+01 5.500001548e-12
 3.915798973e-02 2.749999223e+00 1.652700000e+01 5.499994609e-12
 3.925515623e-02 2.749999223e+00 1.652700000e+01 5.499998911e-12
 3.931345613e-02 2.749999223e+00 1.652700000e+01 5.500000993e-12
 3.941062263e-02 2.749999223e+00 1.652700000e+01 5.499995858e-12
 3.956608903e-02 2.749999224e+00 1.652700000e+01 5.499997523e-12
 3.958552233e-02 2.749999224e+00 1.652700000e+01 5.500002242e-12
 3.962438893e-02 2.749999224e+00 1.652700000e+01 5.499999050e-12
 3.981872193e-02 2.749999224e+00 1.652700000e+01 5.499995581e-12
 3.985758853e-02 2.749999224e+00 1.652700000e+01 5.500002103e-12
 3.993532173e-02 2.749999224e+00 1.652700000e+01 5.499999605e-12
 4.018795463e-02 2.749999224e+00 1.652700000e+01 5.500002242e-12
 4.022682123e-02 2.749999224e+00 1.652700000e+01 5.499994748e-12
 4.024625453e-02 2.749999224e+00 1.652700000e+01 5.500001409e-12
 4.028512113e-02 2.749999224e+00 1.652700000e+01 5.500001964e-12
 4.030455443e-02 2.749999224e+00 1.652700000e+01 5.499999050e-12
 4.055718733e-02 2.749999225e+00 1.652700000e+01 5.500001548e-12
 4.057662063e-02 2.749999225e+00 1.652700000e+01 5.500002103e-12
 4.063492053e-02 2.749999225e+00 1.652700000e+01 5.499998911e-12
 4.079038693e-02 2.749999225e+00 1.652700000e+01 5.500002242e-12
 4.080982023e-02 2.749999225e+00 1.652700000e+01 5.500002242e-12
 4.088755343e-02 2.749999225e+00 1.652700000e+01 5.500001825e-12
 4.100415323e-02 2.749999225e+00 1.652700000e+01 5.500002242e-12
 4.110131973e-02 2.749999225e+00 1.652700000e+01 5.500000299e-12
 4.115961963e-02 2.749999225e+00 1.652700000e+01 5.499994748e-12
 4.119848623e-02 2.749999225e+00 1.652700000e+01 5.500001825e-12
 4.131508603e-02 2.749999225e+00 1.652700000e+01 5.500002103e-12
 4.137338593e-02 2.749999225e+00 1.652700000e+01 5.499994470e-12
 4.147055243e-02 2.749999225e+00 1.652700000e+01 5.499999189e-12
 4.150941903e-02 2.749999225e+00 1.652700000e+01 5.499999883e-12
 4.154828563e-02 2.749999225e+00 1.652700000e+01 5.500001964e-12
 4.168431873e-02 2.749999225e+00 1.652700000e+01 5.499997523e-12
 4.182035183e-02 2.749999225e+00 1.652700000e+01 5.499999605e-12
 4.183978513e-02 2.749999225e+00 1.652700000e+01 5.500002103e-12
 4.193695163e-02 2.749999225e+00 1.652700000e+01 5.499996136e-12
 4.201468483e-02 2.749999225e+00 1.652700000e+01 5.499995164e-12
 4.213128463e-02 2.749999225e+00 1.652700000e+01 5.499999744e-12
 4.220901783e-02 2.749999226e+00 1.652700000e+01 5.500000438e-12
 4.228675103e-02 2.749999226e+00 1.652700000e+01 5.500002103e-12
 4.238391753e-02 2.749999226e+00 1.652700000e+01 5.499994887e-12
 4.244221743e-02 2.749999226e+00 1.652700000e+01 5.499999605e-12
 4.248108403e-02 2.749999226e+00 1.652700000e+01 5.500002242e-12
 4.253938393e-02 2.749999226e+00 1.652700000e+01 5.499997385e-12
 4.255881723e-02 2.749999226e+00 1.652700000e+01 5.500001964e-12
 4.275315023e-02 2.749999226e+00 1.652700000e+01 5.499999744e-12
 4.292804993e-02 2.749999226e+00 1.652700000e+01 5.500002103e-12
 4.296691653e-02 2.749999226e+00 1.652700000e+01 5.499995303e-12
 4.306408303e-02 2.749999226e+00 1.652700000e+01 5.500000854e-12
 4.318068283e-02 2.749999226e+00 1.652700000e+01 5.500001687e-12
 4.335558253e-02 2.749999226e+00 1.652700000e+01 5.499994470e-12
 4.337501583e-02 2.749999226e+00 1.652700000e+01 5.499999744e-12
 4.343331573e-02 2.749999226e+00 1.652700000e+01 5.500002103e-12
 4.351104893e-02 2.749999226e+00 1.652700000e+01 5.500000715e-12
 4.358878213e-02 2.749999226e+00 1.652700000e+01 5.499998911e-12
 4.368594863e-02 2.749999226e+00 1.652700000e+01 5.500000160e-12
 4.393858153e-02 2.749999226e+00 1.652700000e+01 5.500002103e-12
 4.397744813e-02 2.749999226e+00 1.652700000e+01 5.499995025e-12
 4.399688143e-02 2.749999226e+00 1.652700000e+01 5.500000438e-12
 4.405518133e-02 2.749999226e+00 1.652700000e+01 5.500002103e-12
 4.424951433e-02 2.749999226e+00 1.652700000e+01 5.499996413e-12
 4.430781423e-02 2.749999226e+00 1.652700000e+01 5.499999883e-12
 4.432724753e-02 2.749999226e+00 1.652700000e+01 5.499999605e-12
 4.438554743e-02 2.749999226e+00 1.652700000e+01 5.499995164e-12
 4.448271393e-02 2.749999226e+00 1.652700000e+01 5.500002242e-12
 4.463818033e-02 2.749999226e+00 1.652700000e+01 5.500000160e-12
 4.467704693e-02 2.749999226e+00 1.652700000e+01 5.499998911e-12
 4.489081323e-02 2.749999226e+00 1.652700000e+01 5.500001825e-12
 4.494911313e-02 2.749999226e+00 1.652700000e+01 5.499996413e-12
 4.514344613e-02 2.749999226e+00 1.652700000e+01 5.500001964e-12
 4.516287943e-02 2.749999226e+00 1.652700000e+01 5.499995303e-12
 4.526004593e-02 2.749999226e+00 1.652700000e+01 5.500001687e-12
 4.533777913e-02 2.749999226e+00 1.652700000e+01 5.500002103e-12
 4.543494563e-02 2.749999226e+00 1.652700000e+01 5.499995164e-12
 4.557097873e-02 2.749999226e+00 1.652700000e+01 5.500001687e-12
 4.568757853e-02 2.749999226e+00 1.652700000e+01 5.500001964e-12
 4.570701183e-02 2.749999226e+00 1.652700000e+01 5.499997523e-12
 4.580417833e-02 2.749999226e+00 1.652700000e+01 5.500001548e-12
 4.588191153e-02 2.749999226e+00 1.652700000e+01 5.499999050e-12
 4.605681123e-02 2.749999226e+00 1.652700000e+01 5.500001825e-12
 4.609567783e-02 2.749999226e+00 1.652700000e+01 5.499994609e-12
 4.619284433e-02 2.749999226e+00 1.652700000e+01 5.500001270e-12
 4.623171093e-02 2.749999226e+00 1.652700000e+01 5.500002242e-12
 4.627057753e-02 2.749999226e+00 1.652700000e+01 5.499999050e-12
 4.650377713e-02 2.749999226e+00 1.652700000e+01 5.499999883e-12
 4.656207703e-02 2.749999226e+00 1.652700000e+01 5.499994748e-12
 4.667867683e-02 2.749999226e+00 1.652700000e+01 5.500002242e-12
 4.681470993e-02 2.749999226e+00 1.652700000e+01 5.499998911e-12
 4.683414323e-02 2.749999226e+00 1.652700000e+01 5.500002242e-12
 4.712564273e-02 2.749999226e+00 1.652700000e+01 5.499999327e-12
 4.722280923e-02 2.749999226e+00 1.652700000e+01 5.499995442e-12
 4.735884233e-02 2.749999226e+00 1.652700000e+01 5.500001964e-12
 4.743657553e-02 2.749999226e+00 1.652700000e+01 5.499999327e-12
 4.745600883e-02 2.749999226e+00 1.652700000e+01 5.500001964e-12
 4.753374203e-02 2.749999226e+00 1.652700000e+01 5.499999050e-12
 4.774750833e-02 2.749999226e+00 1.652700000e+01 5.499999327e-12
 4.782524153e-02 2.749999226e+00 1.652700000e+01 5.500002242e-12
 4.807787443e-02 2.749999226e+00 1.652700000e+01 5.500000576e-12
 4.821390753e-02 2.749999226e+00 1.652700000e+01 5.499994748e-12
 4.831107403e-02 2.749999226e+00 1.652700000e+01 5.500001964e-12
 4.838880723e-02 2.749999226e+00 1.652700000e+01 5.499999189e-12
 4.840824053e-02 2.749999226e+00 1.652700000e+01 5.500002242e-12
 4.869974003e-02 2.749999226e+00 1.652700000e+01 5.500001409e-12
 4.875803993e-02 2.749999226e+00 1.652700000e+01 5.500001687e-12
 4.879690653e-02 2.749999226e+00 1.652700000e+01 5.499999050e-12
 4.901067283e-02 2.749999226e+00 1.652700000e+01 5.500002242e-12
 4.924387243e-02 2.749999226e+00 1.652700000e+01 5.499998911e-12
 4.932160563e-02 2.749999226e+00 1.652700000e+01 5.500001132e-12
 4.937990553e-02 2.749999226e+00 1.652700000e+01 5.500002103e-12
 4.939933883e-02 2.749999226e+00 1.652700000e+01 5.499999050e-12
 4.963253843e-02 2.749999226e+00 1.652700000e+01 5.500002103e-12
 4.965197173e-02 2.749999226e+00 1.652700000e+01 5.499999327e-12
 4.994347123e-02 2.749999226e+00 1.652700000e+01 5.500000160e-12
 5.011837093e-02 2.749999226e+00 1.652700000e+01 5.500001687e-12
 5.021553743e-02 2.749999226e+00 1.652700000e+01 5.499995442e-12
 5.025440403e-02 2.749999226e+00 1.652700000e+01 5.499995997e-12
 5.029327063e-02 2.749999226e+00 1.652700000e+01 5.499994887e-12
 5.035157053e-02 2.749999226e+00 1.652700000e+01 5.500001409e-12
 5.056533683e-02 2.749999226e+00 1.652700000e+01 5.499999327e-12
 5.072080323e-02 2.749999226e+00 1.652700000e+01 5.500001548e-12
 5.079853643e-02 2.749999226e+00 1.652700000e+01 5.499995581e-12
 5.087626963e-02 2.749999226e+00 1.652700000e+01 5.499997246e-12
 5.093456953e-02 2.749999226e+00 1.652700000e+01 5.500001964e-12
 5.103173603e-02 2.749999226e+00 1.652700000e+01 5.499994470e-12
 5.118720243e-02 2.749999226e+00 1.652700000e+01 5.500000160e-12
 5.120663573e-02 2.749999226e+00 1.652700000e+01 5.499994470e-12
 5.140096873e-02 2.749999226e+00 1.652700000e+01 5.500001964e-12
 5.149813523e-02 2.749999226e+00 1.652700000e+01 5.500002103e-12
 5.157586843e-02 2.749999226e+00 1.652700000e+01 5.499998911e-12
 5.182850133e-02 2.749999226e+00 1.652700000e+01 5.500001409e-12
 5.196453443e-02 2.749999226e+00 1.652700000e+01 5.499999189e-12
 5.210056753e-02 2.749999226e+00 1.652700000e+01 5.500002242e-12
 5.213943413e-02 2.749999226e+00 1.652700000e+01 5.499999327e-12
 5.223660063e-02 2.749999226e+00 1.652700000e+01 5.500002242e-12
 5.235320043e-02 2.749999226e+00 1.652700000e+01 5.499998911e-12
 5.245036693e-02 2.749999226e+00 1.652700000e+01 5.499999327e-12
 5.258640003e-02 2.749999226e+00 1.652700000e+01 5.499999050e-12
 5.270299983e-02 2.749999226e+00 1.652700000e+01 5.500002242e-12
 5.276129973e-02 2.749999226e+00 1.652700000e+01 5.499999466e-12
 5.285846623e-02 2.749999226e+00 1.652700000e+01 5.499999050e-12
 5.301393263e-02 2.749999226e+00 1.652700000e+01 5.500002242e-12
 5.307223253e-02 2.749999226e+00 1.652700000e+01 5.500002103e-12
 5.314996573e-02 2.749999226e+00 1.652700000e+01 5.499999050e-12
 5.338316533e-02 2.749999226e+00 1.652700000e+01 5.499999605e-12
 5.340259863e-02 2.749999226e+00 1.652700000e+01 5.500002103e-12
 5.367466483e-02 2.749999226e+00 1.652700000e+01 5.499999189e-12
 5.369409813e-02 2.749999226e+00 1.652700000e+01 5.500001548e-12
 5.388843113e-02 2.749999226e+00 1.652700000e+01 5.499999605e-12
 5.396616433e-02 2.749999226e+00 1.652700000e+01 5.500002103e-12
 5.400503093e-02 2.749999226e+00 1.652700000e+01 5.500000854e-12
 5.414106403e-02 2.749999226e+00 1.652700000e+01 5.500001825e-12
 5.417993063e-02 2.749999226e+00 1.652700000e+01 5.499999050e-12
 5.431596373e-02 2.749999226e+00 1.652700000e+01 5.500001132e-12
 5.435483033e-02 2.749999226e+00 1.652700000e+01 5.500002242e-12
 5.439369693e-02 2.749999226e+00 1.652700000e+01 5.499998911e-12
 5.462689653e-02 2.749999226e+00 1.652700000e+01 5.500001270e-12
 5.470462973e-02 2.749999226e+00 1.652700000e+01 5.500002242e-12
 5.487952943e-02 2.749999226e+00 1.652700000e+01 5.499998911e-12
 5.493782933e-02 2.749999226e+00 1.652700000e+01 5.500001548e-12
 5.495726263e-02 2.749999226e+00 1.652700000e+01 5.500002242e-12
 5.499612923e-02 2.749999226e+00 1.652700000e+01 5.499999189e-12
 5.524876213e-02 2.749999226e+00 1.652700000e+01 5.500001132e-12
 5.528762873e-02 2.749999226e+00 1.652700000e+01 5.500001964e-12
 5.544309513e-02 2.749999226e+00 1.652700000e+01 5.499998911e-12
 5.557912823e-02 2.749999226e+00 1.652700000e+01 5.499999466e-12
 5.561799483e-02 2.749999226e+00 1.652700000e+01 5.500002242e-12
 5.589006103e-02 2.749999226e+00 1.652700000e+01 5.500000993e-12
 5.606496073e-02 2.749999226e+00 1.652700000e+01 5.499999050e-12
 5.610382733e-02 2.749999226e+00 1.652700000e+01 5.500002242e-12
 5.620099383e-02 2.749999226e+00 1.652700000e+01 5.500000715e-12
 5.625929373e-02 2.749999226e+00 1.652700000e+01 5.499999050e-12
 5.637589353e-02 2.749999226e+00 1.652700000e+01 5.500002103e-12
 5.651192663e-02 2.749999226e+00 1.652700000e+01 5.500000299e-12
 5.662852643e-02 2.749999226e+00 1.652700000e+01 5.499998911e-12
 5.668682633e-02 2.749999226e+00 1.652700000e+01 5.500002103e-12
 5.682285943e-02 2.749999226e+00 1.652700000e+01 5.500001132e-12
 5.686172603e-02 2.749999226e+00 1.652700000e+01 5.500002242e-12
 5.690059263e-02 2.749999226e+00 1.652700000e+01 5.499998911e-12
 5.713379223e-02 2.749999226e+00 1.652700000e+01 5.500000160e-12
 5.725039203e-02 2.749999226e+00 1.652700000e+01 5.499999050e-12
 5.740585843e-02 2.749999226e+00 1.652700000e+01 5.500001964e-12
 5.744472503e-02 2.749999226e+00 1.652700000e+01 5.500000576e-12
 5.758075813e-02 2.749999226e+00 1.652700000e+01 5.499998911e-12
 5.767792463e-02 2.749999226e+00 1.652700000e+01 5.500002103e-12
 5.775565783e-02 2.749999226e+00 1.652700000e+01 5.500002242e-12
 5.779452443e-02 2.749999226e+00 1.652700000e+01 5.499998911e-12
 5.806659063e-02 2.749999226e+00 1.652700000e+01 5.500001409e-12
 5.808602393e-02 2.749999226e+00 1.652700000e+01 5.500000438e-12
 5.837752343e-02 2.749999226e+00 1.652700000e+01 5.500000438e-12
 5.868845623e-02 2.749999226e+00 1.652700000e+01 5.500000438e-12
 5.899938903e-02 2.749999226e+00 1.652700000e+01 5.500000438e-12
 5.932975513e-02 2.749999226e+00 1.652700000e+01 5.500000438e-12
 5.964068793e-02 2.749999226e+00 1.652700000e+01 5.500000438e-12
 5.995162073e-02 2.749999226e+00 1.652700000e+01 5.500000438e-12
 6.026255353e-02 2.749999226e+00 1.652700000e+01 5.500000438e-12
 6.057348633e-02 2.749999226e+00 1.652700000e+01 5.500000438e-12
 6.088441913e-02 2.749999226e+00 1.652700000e+01 5.500000438e-12
 6.119535193e-02 2.749999226e+00 1.652700000e+01 5.500000438e-12
 6.150628473e-02 2.749999226e+00 1.652700000e+01 5.500000438e-12
 6.181721753e-02 2.749999226e+00 1.652700000e+01 5.500000438e-12
 6.212815033e-02 2.749999226e+00 1.652700000e+01 5.500000438e-12
 6.243908313e-02 2.749999226e+00 1.652700000e+01 5.500000438e-12
 6.275001593e-02 2.749999226e+00 1.652700000e+01 5.500000438e-12
 6.308038203e-02 2.749999226e+00 1.652700000e+01 5.500000438e-12
 6.339131483e-02 2.749999226e+00 1.652700000e+01 5.500000438e-12
 6.370224763e-02 2.749999226e+00 1.652700000e+01 5.500000438e-12
 6.401318043e-02 2.749999226e+00 1.652700000e+01 5.500000438e-12
 6.432411323e-02 2.749999226e+00 1.652700000e+01 5.500000438e-12
 6.463504603e-02 2.749999226e+00 1.652700000e+01 5.500000438e-12
 6.494597883e-02 2.749999226e+00 1.652700000e+01 5.500000438e-12
 6.525691163e-02 2.749999226e+00 1.652700000e+01 5.500000438e-12
 6.556784443e-02 2.749999226e+00 1.652700000e+01 5.500000438e-12
 6.587877723e-02 2.749999226e+00 1.652700000e+01 5.500000438e-12
 6.618971003e-02 2.749999226e+00 1.652700000e+01 5.500000438e-12
 6.650064283e-02 2.749999226e+00 1.652700000e+01 5.500000438e-12
 6.683100893e-02 2.749999226e+00 1.652700000e+01 5.500000438e-12
 6.714194173e-02 2.749999226e+00 1.652700000e+01 5.500000438e-12
 6.745287453e-02 2.749999226e+00 1.652700000e+01 5.500000438e-12
 6.776380733e-02 2.749999226e+00 1.652700000e+01 5.500000438e-12
 6.807474013e-02 2.749999226e+00 1.652700000e+01 5.500000438e-12
 6.838567293e-02 2.749999226e+00 1.652700000e+01 5.500000438e-12
 6.869660573e-02 2.749999226e+00 1.652700000e+01 5.500000438e-12
 6.900753853e-02 2.749999226e+00 1.652700000e+01 5.500000438e-12
 6.931847133e-02 2.749999226e+00 1.652700000e+01 5.500000438e-12
 6.962940413e-02 2.749999226e+00 1.652700000e+01 5.500000438e-12
 6.994033693e-02 2.749999226e+00 1.652700000e+01 5.500000438e-12
 7.025126973e-02 2.749999226e+00 1.652700000e+01 5.500000438e-12
 7.058163583e-02 2.749999226e+00 1.652700000e+01 5.500000438e-12
 7.089256863e-02 2.749999226e+00 1.652700000e+01 5.500000438e-12
 7.120350143e-02 2.749999226e+00 1.652700000e+01 5.500000438e-12
 7.151443423e-02 2.749999226e+00 1.652700000e+01 5.500000438e-12
 7.182536703e-02 2.749999226e+00 1.652700000e+01 5.500000438e-12
 7.213629983e-02 2.749999226e+00 1.652700000e+01 5.500000438e-12
 7.244723263e-02 2.749999226e+00 1.652700000e+01 5.500000438e-12
 7.275816543e-02 2.749999226e+00 1.652700000e+01 5.500000438e-12
 7.306909823e-02 2.749999226e+00 1.652700000e+01 5.500000438e-12
 7.338003103e-02 2.749999226e+00 1.652700000e+01 5.500000438e-12
 7.369096383e-02 2.749999226e+00 1.652700000e+01 5.500000438e-12
 7.400189663e-02 2.749999226e+00 1.652700000e+01 5.500000438e-12
 7.433226273e-02 2.749999226e+00 1.652700000e+01 5.500000438e-12
 7.464319553e-02 2.749999226e+00 1.652700000e+01 5.500000438e-12
 7.495412833e-02 2.749999226e+00 1.652700000e+01 5.500000438e-12
 7.526506113e-02 2.749999226e+00 1.652700000e+01 5.500000438e-12
 7.557599393e-02 2.749999226e+00 1.652700000e+01 5.500000438e-12
 7.588692673e-02 2.749999226e+00 1.652700000e+01 5.500000438e-12
 7.619785953e-02 2.749999226e+00 1.652700000e+01 5.500000438e-12
 7.650879233e-02 2.749999226e+00 1.652700000e+01 5.500000438e-12
 7.681972513e-02 2.749999226e+00 1.652700000e+01 5.500000438e-12
 7.713065793e-02 2.749999226e+00 1.652700000e+01 5.500000438e-12
 7.744159073e-02 2.749999226e+00 1.652700000e+01 5.500000438e-12
 7.773330000e-02 2.749999226e+00 1.652700000e+01 5.500000993e-12
