 time v(n_filt_out) v(n_buf_out) i(v_link_u1_b)
 0.000000000e+00 2.048001031e+00 2.052500000e+00 6.144005572e-12
 6.836600000e-08 2.048001031e+00 2.052500000e+00 6.143805038e-12
 1.093856000e-06 2.048001031e+00 2.052500000e+00 6.144038046e-12
 1.586091200e-05 2.048001031e+00 2.052500000e+00 6.143995580e-12
 1.927921200e-05 2.048001031e+00 2.052500000e+00 6.143991139e-12
 4.320731200e-05 2.048001031e+00 2.052500000e+00 6.143991139e-12
 4.491646200e-05 2.048001031e+00 2.052500000e+00 6.143995580e-12
 7.055371200e-05 2.048001031e+00 2.052500000e+00 6.143995580e-12
 7.397201200e-05 2.048001031e+00 2.052500000e+00 6.143991139e-12
 9.790011200e-05 2.048001031e+00 2.052500000e+00 6.143992111e-12
 9.960926200e-05 2.048001031e+00 2.052500000e+00 6.143991139e-12
 1.013184120e-04 2.048001031e+00 2.052500000e+00 6.143995580e-12
 1.252465120e-04 2.048001031e+00 2.052500000e+00 6.143991139e-12
 1.269556620e-04 2.048001031e+00 2.052500000e+00 6.143995580e-12
 1.525929120e-04 2.048001031e+00 2.052500000e+00 6.143995580e-12
 1.543020620e-04 2.048001031e+00 2.052500000e+00 6.143991139e-12
 1.799393120e-04 2.048001031e+00 2.052500000e+00 6.143991139e-12
 1.816484620e-04 2.048001031e+00 2.052500000e+00 6.143995580e-12
 2.072857120e-04 2.048001031e+00 2.052500000e+00 6.143995580e-12
 2.107040120e-04 2.048001031e+00 2.052500000e+00 6.143991139e-12
 2.346321120e-04 2.048001031e+00 2.052500000e+00 6.143992111e-12
 2.363412620e-04 2.048001031e+00 2.052500000e+00 6.143991139e-12
 2.380504120e-04 2.048001031e+00 2.052500000e+00 6.143995580e-12
 2.619785120e-04 2.048001031e+00 2.052500000e+00 6.143991139e-12
 2.636876620e-04 2.048001031e+00 2.052500000e+00 6.143995580e-12
 2.893249120e-04 2.048001031e+00 2.052500000e+00 6.143995580e-12
 2.910340620e-04 2.048001031e+00 2.052500000e+00 6.143991139e-12
 3.166713120e-04 2.048001031e+00 2.052500000e+00 6.143991139e-12
 3.183804620e-04 2.048001031e+00 2.052500000e+00 6.143995580e-12
 3.457268620e-04 2.048001031e+00 2.052500000e+00 6.143992111e-12
 3.474360120e-04 2.048001031e+00 2.052500000e+00 6.143991139e-12
 3.491451620e-04 2.048001031e+00 2.052500000e+00 6.143995580e-12
 3.730732620e-04 2.048001031e+00 2.052500000e+00 6.143991139e-12
 3.747824120e-04 2.048001031e+00 2.052500000e+00 6.143995580e-12
 4.004196620e-04 2.048001031e+00 2.052500000e+00 6.143995580e-12
 4.021288120e-04 2.048001031e+00 2.052500000e+00 6.143991139e-12
 4.277660620e-04 2.048001031e+00 2.052500000e+00 6.143991139e-12
 4.294752120e-04 2.048001031e+00 2.052500000e+00 6.143995580e-12
 4.551124620e-04 2.048001031e+00 2.052500000e+00 6.143995580e-12
 4.585307620e-04 2.048001031e+00 2.052500000e+00 6.143991139e-12
 4.824588620e-04 2.048001031e+00 2.052500000e+00 6.143992111e-12
 4.841680120e-04 2.048001031e+00 2.052500000e+00 6.143991139e-12
 4.858771620e-04 2.048001031e+00 2.052500000e+00 6.143995580e-12
 5.098052620e-04 2.048001031e+00 2.052500000e+00 6.143991139e-12
 5.115144120e-04 2.048001031e+00 2.052500000e+00 6.143995580e-12
 5.371516620e-04 2.048001031e+00 2.052500000e+00 6.143995580e-12
 5.388608120e-04 2.048001031e+00 2.052500000e+00 6.143991139e-12
 5.644980620e-04 2.048001031e+00 2.052500000e+00 6.143991139e-12
 5.662072120e-04 2.048001031e+00 2.052500000e+00 6.143995580e-12
 5.918444620e-04 2.048001031e+00 2.052500000e+00 6.143995580e-12
 5.952627620e-04 2.048001031e+00 2.052500000e+00 6.143991139e-12
 6.191908620e-04 2.048001031e+00 2.052500000e+00 6.143992111e-12
 6.215100000e-04 2.048001031e+00 2.052500000e+00 6.144006543e-12
 6.215783661e-04 2.049373012e+00 2.302500000e+00 -1.467161325e-05
 6.216118655e-04 2.049434903e+00 2.302500000e+00 -1.696823349e-05
 6.218798606e-04 2.048628618e+00 2.302500000e+00 -2.803892492e-05
 6.221861407e-04 2.047817678e+00 2.302500000e+00 -2.724951775e-05
 6.257329715e-04 2.048075266e+00 2.302500000e+00 -2.254291266e-05
 6.530793715e-04 2.057992431e+00 2.302500000e+00 -1.190345662e-05
 6.547885215e-04 2.058989828e+00 2.302500000e+00 -1.140429851e-05
 6.804257715e-04 2.077392307e+00 2.302500000e+00 -4.899227045e-06
 6.821349215e-04 2.078794177e+00 2.302500000e+00 -4.560226365e-06
 7.077721715e-04 2.101243653e+00 2.302500000e+00 -5.493150759e-07
 7.094813215e-04 2.102800304e+00 2.302500000e+00 -3.446515449e-07
 7.351185715e-04 2.126309634e+00 2.302500000e+00 2.001768332e-06
 7.368277215e-04 2.127866863e+00 2.302500000e+00 2.116572610e-06
 7.624649715e-04 2.150645777e+00 2.302500000e+00 3.364912854e-06
 7.641741215e-04 2.152114293e+00 2.302500000e+00 3.421109267e-06
 7.898113715e-04 2.173167593e+00 2.302500000e+00 3.962046762e-06
 7.915205215e-04 2.174500753e+00 2.302500000e+00 3.981083545e-06
 8.120303215e-04 2.189755942e+00 2.302500000e+00 4.085403253e-06
 8.171577715e-04 2.193350683e+00 2.302500000e+00 4.081354169e-06
 8.188669215e-04 2.194529210e+00 2.302500000e+00 4.077779130e-06
 8.445041715e-04 2.211025044e+00 2.302500000e+00 3.917077368e-06
 8.462133215e-04 2.212046615e+00 2.302500000e+00 3.900609761e-06
 8.718505715e-04 2.226235663e+00 2.302500000e+00 3.597939463e-06
 8.735597215e-04 2.227107907e+00 2.302500000e+00 3.574946006e-06
 8.991969715e-04 2.239149479e+00 2.302500000e+00 3.207353488e-06
 9.009061215e-04 2.239885355e+00 2.302500000e+00 3.181895011e-06
 9.265433715e-04 2.249994522e+00 2.302500000e+00 2.797718677e-06
 9.282525215e-04 2.250609334e+00 2.302500000e+00 2.772288211e-06
 9.538897715e-04 2.259021167e+00 2.302500000e+00 2.400474453e-06
 9.555989215e-04 2.259530700e+00 2.302500000e+00 2.376514384e-06
 9.812361715e-04 2.266478413e+00 2.302500000e+00 2.033122323e-06
 9.829453215e-04 2.266897831e+00 2.302500000e+00 2.011384014e-06
 1.010291721e-03 2.272943464e+00 2.302500000e+00 1.684881641e-06
 1.012000872e-03 2.273282371e+00 2.302500000e+00 1.665834633e-06
 1.037638121e-03 2.277877968e+00 2.302500000e+00 1.399423152e-06
 1.039347271e-03 2.278153849e+00 2.302500000e+00 1.382935706e-06
 1.064984522e-03 2.281886729e+00 2.302500000e+00 1.154060869e-06
 1.066693671e-03 2.282110329e+00 2.302500000e+00 1.139998737e-06
 1.092330922e-03 2.285130060e+00 2.302500000e+00 9.459530933e-07
 1.094040072e-03 2.285310592e+00 2.302500000e+00 9.340998334e-07
 1.119677321e-03 2.287744585e+00 2.302500000e+00 7.713235869e-07
 1.121386472e-03 2.287889849e+00 2.302500000e+00 7.614275246e-07
 1.147023721e-03 2.289845395e+00 2.302500000e+00 6.260707494e-07
 1.148732871e-03 2.289961925e+00 2.302500000e+00 6.178741953e-07
 1.174370122e-03 2.291528527e+00 2.302500000e+00 5.061390668e-07
 1.176079272e-03 2.291621750e+00 2.302500000e+00 4.993955829e-07
 1.201716521e-03 2.292873490e+00 2.302500000e+00 4.077316226e-07
 1.203425672e-03 2.292947882e+00 2.302500000e+00 4.022153795e-07
 1.229062921e-03 2.293945674e+00 2.302500000e+00 3.274183987e-07
 1.230772071e-03 2.294004906e+00 2.302500000e+00 3.229284174e-07
 1.256409322e-03 2.294798552e+00 2.302500000e+00 2.621780251e-07
 1.258118471e-03 2.294845615e+00 2.302500000e+00 2.585392124e-07
 1.283755722e-03 2.295475635e+00 2.302500000e+00 2.093985933e-07
 1.285464872e-03 2.295512960e+00 2.302500000e+00 2.064608618e-07
 1.311102121e-03 2.296012181e+00 2.302500000e+00 1.668547141e-07
 1.312811272e-03 2.296041730e+00 2.302500000e+00 1.644910422e-07
 1.340157671e-03 2.296460000e+00 2.302500000e+00 1.307761167e-07
 1.341866821e-03 2.296483014e+00 2.302500000e+00 1.289062275e-07
 1.367504072e-03 2.296790349e+00 2.302500000e+00 1.037704063e-07
 1.369213221e-03 2.296808511e+00 2.302500000e+00 1.022748265e-07
 1.394850472e-03 2.297050883e+00 2.302500000e+00 8.219498979e-08
 1.396559622e-03 2.297065196e+00 2.302500000e+00 8.100173438e-08
 1.422196871e-03 2.297256082e+00 2.302500000e+00 6.499858621e-08
 1.423906022e-03 2.297267347e+00 2.302500000e+00 6.404867326e-08
 1.449543271e-03 2.297417497e+00 2.302500000e+00 5.132188110e-08
 1.451252421e-03 2.297426352e+00 2.302500000e+00 5.056723277e-08
 1.476889672e-03 2.297544321e+00 2.302500000e+00 4.046588635e-08
 1.478598821e-03 2.297551274e+00 2.302500000e+00 3.986748979e-08
 1.504236072e-03 2.297643858e+00 2.302500000e+00 3.186444629e-08
 1.505945222e-03 2.297649312e+00 2.302500000e+00 3.139077002e-08
 1.531582471e-03 2.297721898e+00 2.302500000e+00 2.506071721e-08
 1.533291621e-03 2.297726172e+00 2.302500000e+00 2.468636610e-08
 1.558928871e-03 2.297783025e+00 2.302500000e+00 1.968729336e-08
 1.560638021e-03 2.297786370e+00 2.302500000e+00 1.939187864e-08
 1.586275272e-03 2.297830859e+00 2.302500000e+00 1.544958149e-08
 1.587984422e-03 2.297833476e+00 2.302500000e+00 1.521678002e-08
 1.613621671e-03 2.297868259e+00 2.302500000e+00 1.211200758e-08
 1.615330822e-03 2.297870305e+00 2.302500000e+00 1.192878445e-08
 1.640968071e-03 2.297897478e+00 2.302500000e+00 9.486652823e-09
 1.642677221e-03 2.297899075e+00 2.302500000e+00 9.342623100e-09
 1.668314472e-03 2.297920286e+00 2.302500000e+00 7.423946413e-09
 1.670023621e-03 2.297921532e+00 2.302500000e+00 7.310853852e-09
 1.697370022e-03 2.297939049e+00 2.302500000e+00 5.716375366e-09
 1.699079172e-03 2.297940006e+00 2.302500000e+00 5.629008116e-09
 1.724716422e-03 2.297952702e+00 2.302500000e+00 4.466356036e-09
 1.726425572e-03 2.297953448e+00 2.302500000e+00 4.397900157e-09
 1.752062821e-03 2.297963338e+00 2.302500000e+00 3.487329920e-09
 1.753771971e-03 2.297963918e+00 2.302500000e+00 3.433742162e-09
 1.779409222e-03 2.297971616e+00 2.302500000e+00 2.721248776e-09
 1.781118371e-03 2.297972068e+00 2.302500000e+00 2.679337049e-09
 1.806755622e-03 2.297978057e+00 2.302500000e+00 2.122313785e-09
 1.808464772e-03 2.297978408e+00 2.302500000e+00 2.089561547e-09
 1.834102021e-03 2.297983064e+00 2.302500000e+00 1.654440027e-09
 1.835811172e-03 2.297983337e+00 2.302500000e+00 1.628865901e-09
 1.861448421e-03 2.297986955e+00 2.302500000e+00 1.289232344e-09
 1.863157571e-03 2.297987168e+00 2.302500000e+00 1.269278241e-09
 1.888794822e-03 2.297989977e+00 2.302500000e+00 1.004373312e-09
 1.890503971e-03 2.297990142e+00 2.302500000e+00 9.888154053e-10
 1.916141222e-03 2.297992323e+00 2.302500000e+00 7.823419205e-10
 1.917850372e-03 2.297992451e+00 2.302500000e+00 7.702199723e-10
 1.943487621e-03 2.297994143e+00 2.302500000e+00 6.093971988e-10
 1.945196771e-03 2.297994242e+00 2.302500000e+00 5.999585524e-10
 1.970834021e-03 2.297995554e+00 2.302500000e+00 4.747733535e-10
 1.972543172e-03 2.297995631e+00 2.302500000e+00 4.674286235e-10
 1.998180421e-03 2.297996648e+00 2.302500000e+00 3.700434390e-10
 1.999889572e-03 2.297996708e+00 2.302500000e+00 3.643315207e-10
 2.027235971e-03 2.297997542e+00 2.302500000e+00 2.841775346e-10
 2.028945122e-03 2.297997588e+00 2.302500000e+00 2.798074362e-10
 2.054582372e-03 2.297998188e+00 2.302500000e+00 2.218958336e-10
 2.056291521e-03 2.297998223e+00 2.302500000e+00 2.185011700e-10
 2.081928771e-03 2.297998688e+00 2.302500000e+00 1.735273356e-10
 2.083637922e-03 2.297998715e+00 2.302500000e+00 1.708917747e-10
 2.109275171e-03 2.297999075e+00 2.302500000e+00 1.359833416e-10
 2.110984322e-03 2.297999096e+00 2.302500000e+00 1.339381609e-10
 2.136621572e-03 2.297999375e+00 2.302500000e+00 1.068558526e-10
 2.138330721e-03 2.297999391e+00 2.302500000e+00 1.052695755e-10
 2.163967971e-03 2.297999606e+00 2.302500000e+00 8.426886349e-11
 2.165677122e-03 2.297999619e+00 2.302500000e+00 8.303910040e-11
 2.191314371e-03 2.297999785e+00 2.302500000e+00 6.676178257e-11
 2.193023521e-03 2.297999795e+00 2.302500000e+00 6.580883388e-11
 2.218660772e-03 2.297999923e+00 2.302500000e+00 5.319812570e-11
 2.220369921e-03 2.297999931e+00 2.302500000e+00 5.245999989e-11
 2.246007171e-03 2.298000030e+00 2.302500000e+00 4.269414219e-11
 2.247716322e-03 2.298000036e+00 2.302500000e+00 4.212265017e-11
 2.273353572e-03 2.298000112e+00 2.302500000e+00 3.456299157e-11
 2.275062721e-03 2.298000117e+00 2.302500000e+00 3.412070273e-11
 2.300699972e-03 2.298000176e+00 2.302500000e+00 2.827116729e-11
 2.302409121e-03 2.298000179e+00 2.302500000e+00 2.792900599e-11
 2.328046371e-03 2.298000225e+00 2.302500000e+00 2.340449134e-11
 2.329755522e-03 2.298000228e+00 2.302500000e+00 2.313988508e-11
 2.355392772e-03 2.298000263e+00 2.302500000e+00 1.964154930e-11
 2.357101921e-03 2.298000265e+00 2.302500000e+00 1.943699431e-11
 2.384448322e-03 2.298000294e+00 2.302500000e+00 1.657500672e-11
 2.386157471e-03 2.298000295e+00 2.302500000e+00 1.641946059e-11
 2.411794722e-03 2.298000316e+00 2.302500000e+00 1.436372709e-11
 2.413503872e-03 2.298000317e+00 2.302500000e+00 1.424357640e-11
 2.439141121e-03 2.298000333e+00 2.302500000e+00 1.265579954e-11
 2.440850272e-03 2.298000334e+00 2.302500000e+00 1.256301168e-11
 2.466487522e-03 2.298000346e+00 2.302500000e+00 1.133707622e-11
 2.468196671e-03 2.298000347e+00 2.302500000e+00 1.126544518e-11
 2.493833921e-03 2.298000356e+00 2.302500000e+00 1.031919238e-11
 2.495543072e-03 2.298000357e+00 2.302500000e+00 1.026391216e-11
 2.521180321e-03 2.298000364e+00 2.302500000e+00 9.533763716e-12
 2.522889472e-03 2.298000365e+00 2.302500000e+00 9.491114499e-12
 2.548526722e-03 2.298000370e+00 2.302500000e+00 8.927884897e-12
 2.550235871e-03 2.298000370e+00 2.302500000e+00 8.894992181e-12
 2.575873121e-03 2.298000375e+00 2.302500000e+00 8.460654199e-12
 2.577582272e-03 2.298000375e+00 2.302500000e+00 8.435291570e-12
 2.603219521e-03 2.298000378e+00 2.302500000e+00 8.100444420e-12
 2.604928671e-03 2.298000378e+00 2.302500000e+00 8.080892005e-12
 2.630565922e-03 2.298000381e+00 2.302500000e+00 7.822812197e-12
 2.632275071e-03 2.298000381e+00 2.302500000e+00 7.807750079e-12
 2.657912321e-03 2.298000383e+00 2.302500000e+00 7.608900670e-12
 2.659621472e-03 2.298000383e+00 2.302500000e+00 7.597292039e-12
 2.685258722e-03 2.298000385e+00 2.302500000e+00 7.444117066e-12
 2.686967871e-03 2.298000385e+00 2.302500000e+00 7.435181020e-12
 2.714314271e-03 2.298000386e+00 2.302500000e+00 7.310334082e-12
 2.716023421e-03 2.298000386e+00 2.302500000e+00 7.303561443e-12
 2.739951521e-03 2.298000387e+00 2.302500000e+00 7.219514369e-12
 2.741660672e-03 2.298000387e+00 2.302500000e+00 7.214210833e-12
 2.743369821e-03 2.298000387e+00 2.302500000e+00 7.209000418e-12
 2.769007071e-03 2.298000388e+00 2.302500000e+00 7.140231677e-12
 2.770716222e-03 2.298000388e+00 2.302500000e+00 7.136216972e-12
 2.792935171e-03 2.298000388e+00 2.302500000e+00 7.089626601e-12
 2.796353472e-03 2.298000388e+00 2.302500000e+00 7.083294167e-12
 2.798062621e-03 2.298000388e+00 2.302500000e+00 7.080206498e-12
 2.823699872e-03 2.298000389e+00 2.302500000e+00 7.039493371e-12
 2.825409022e-03 2.298000389e+00 2.302500000e+00 7.037115828e-12
 2.849337122e-03 2.298000389e+00 2.302500000e+00 7.007662166e-12
 2.851046271e-03 2.298000389e+00 2.302500000e+00 7.005809482e-12
 2.852755422e-03 2.298000389e+00 2.302500000e+00 7.003978863e-12
 2.868137771e-03 2.298000389e+00 2.302500000e+00 6.988826539e-12
 2.878392672e-03 2.298000389e+00 2.302500000e+00 6.979895072e-12
 2.880101821e-03 2.298000389e+00 2.302500000e+00 6.978492305e-12
 2.893775022e-03 2.298000389e+00 2.302500000e+00 6.968051352e-12
 2.905739071e-03 2.298000389e+00 2.302500000e+00 6.959978504e-12
 2.907448222e-03 2.298000389e+00 2.302500000e+00 6.958898118e-12
 2.927958022e-03 2.298000390e+00 2.302500000e+00 6.947242719e-12
 2.933085471e-03 2.298000390e+00 2.302500000e+00 6.944666446e-12
 2.934794622e-03 2.298000390e+00 2.302500000e+00 6.943834751e-12
 2.950176971e-03 2.298000390e+00 2.302500000e+00 6.936956086e-12
 2.960431872e-03 2.298000390e+00 2.302500000e+00 6.932903911e-12
 2.962141021e-03 2.298000390e+00 2.302500000e+00 6.932267753e-12
 2.979232521e-03 2.298000390e+00 2.302500000e+00 6.926431311e-12
 2.987778271e-03 2.298000390e+00 2.302500000e+00 6.923863920e-12
 2.989487422e-03 2.298000390e+00 2.302500000e+00 6.923375838e-12
 3.015124671e-03 2.298000390e+00 2.302500000e+00 6.916919891e-12
 3.016833821e-03 2.298000390e+00 2.302500000e+00 6.916542693e-12
 3.042471072e-03 2.298000390e+00 2.302500000e+00 6.911587490e-12
 3.044180221e-03 2.298000390e+00 2.302500000e+00 6.911298416e-12
 3.071526622e-03 2.298000390e+00 2.302500000e+00 6.907271359e-12
 3.073235771e-03 2.298000390e+00 2.302500000e+00 6.907051813e-12
 3.080072372e-03 2.298000390e+00 2.302500000e+00 6.906211513e-12
 3.098873021e-03 2.298000390e+00 2.302500000e+00 6.904175503e-12
 3.100582172e-03 2.298000390e+00 2.302500000e+00 6.904007443e-12
 3.126219421e-03 2.298000390e+00 2.302500000e+00 6.901803234e-12
 3.127928571e-03 2.298000390e+00 2.302500000e+00 6.901670978e-12
 3.153565822e-03 2.298000390e+00 2.302500000e+00 6.899982329e-12
 3.155274971e-03 2.298000390e+00 2.302500000e+00 6.899880327e-12
 3.180912221e-03 2.298000390e+00 2.302500000e+00 6.898580395e-12
 3.182621372e-03 2.298000390e+00 2.302500000e+00 6.898507675e-12
 3.208258622e-03 2.298000390e+00 2.302500000e+00 6.897510001e-12
 3.209967771e-03 2.298000390e+00 2.302500000e+00 6.897455045e-12
 3.235605022e-03 2.298000390e+00 2.302500000e+00 6.896688436e-12
 3.237314172e-03 2.298000390e+00 2.302500000e+00 6.896643472e-12
 3.262951421e-03 2.298000390e+00 2.302500000e+00 6.896056164e-12
 3.264660572e-03 2.298000390e+00 2.302500000e+00 6.896021608e-12
 3.276624622e-03 2.298000390e+00 2.302500000e+00 6.895800674e-12
 3.290297822e-03 2.298000390e+00 2.302500000e+00 6.895572107e-12
 3.292006971e-03 2.298000390e+00 2.302500000e+00 6.895550041e-12
 3.317644222e-03 2.298000390e+00 2.302500000e+00 6.895203513e-12
 3.319353372e-03 2.298000390e+00 2.302500000e+00 6.895184778e-12
 3.344990621e-03 2.298000390e+00 2.302500000e+00 6.894919157e-12
 3.346699772e-03 2.298000390e+00 2.302500000e+00 6.894900422e-12
 3.372337022e-03 2.298000390e+00 2.302500000e+00 6.894696696e-12
 3.374046171e-03 2.298000390e+00 2.302500000e+00 6.894687259e-12
 3.401392572e-03 2.298000390e+00 2.302500000e+00 6.894528220e-12
 3.403101721e-03 2.298000390e+00 2.302500000e+00 6.894514203e-12
 3.428738971e-03 2.298000390e+00 2.302500000e+00 6.894398601e-12
 3.430448122e-03 2.298000390e+00 2.302500000e+00 6.894394577e-12
 3.456085371e-03 2.298000390e+00 2.302500000e+00 6.894305620e-12
 3.457794522e-03 2.298000390e+00 2.302500000e+00 6.894296460e-12
 3.483431772e-03 2.298000390e+00 2.302500000e+00 6.894230264e-12
 3.485140921e-03 2.298000390e+00 2.302500000e+00 6.894227488e-12
 3.510778171e-03 2.298000390e+00 2.302500000e+00 6.894173365e-12
 3.512487322e-03 2.298000390e+00 2.302500000e+00 6.894170173e-12
 3.536415422e-03 2.298000390e+00 2.302500000e+00 6.894129094e-12
 3.539833721e-03 2.298000390e+00 2.302500000e+00 6.894128123e-12
 3.565470972e-03 2.298000390e+00 2.302500000e+00 6.894097314e-12
 3.567180121e-03 2.298000390e+00 2.302500000e+00 6.894098563e-12
 3.592817371e-03 2.298000390e+00 2.302500000e+00 6.894069836e-12
 3.594526522e-03 2.298000390e+00 2.302500000e+00 6.894070391e-12
 3.596235671e-03 2.298000390e+00 2.302500000e+00 6.894070947e-12
 3.620163772e-03 2.298000390e+00 2.302500000e+00 6.894052212e-12
 3.621872921e-03 2.298000390e+00 2.302500000e+00 6.894050130e-12
 3.645801021e-03 2.298000390e+00 2.302500000e+00 6.894036391e-12
 3.649219321e-03 2.298000390e+00 2.302500000e+00 6.894034587e-12
 3.650928471e-03 2.298000390e+00 2.302500000e+00 6.894037362e-12
 3.659474221e-03 2.298000390e+00 2.302500000e+00 6.894025566e-12
 3.676565722e-03 2.298000390e+00 2.302500000e+00 6.894025844e-12
 3.681693172e-03 2.298000390e+00 2.302500000e+00 6.894028064e-12
 3.697075522e-03 2.298000390e+00 2.302500000e+00 6.894016684e-12
 3.703912121e-03 2.298000390e+00 2.302500000e+00 6.894019044e-12
 3.727840221e-03 2.298000390e+00 2.302500000e+00 6.894009051e-12
 3.731258522e-03 2.298000390e+00 2.302500000e+00 6.894014186e-12
 3.758604922e-03 2.298000390e+00 2.302500000e+00 6.894003778e-12
 3.760314072e-03 2.298000390e+00 2.302500000e+00 6.894004888e-12
 3.770568971e-03 2.298000390e+00 2.302500000e+00 6.894006553e-12
 3.784242172e-03 2.298000390e+00 2.302500000e+00 6.893998782e-12
 3.787660472e-03 2.298000390e+00 2.302500000e+00 6.893999892e-12
 3.791078771e-03 2.298000390e+00 2.302500000e+00 6.894006553e-12
 3.808170272e-03 2.298000390e+00 2.302500000e+00 6.893994619e-12
 3.815006871e-03 2.298000390e+00 2.302500000e+00 6.893998782e-12
 3.823552621e-03 2.298000390e+00 2.302500000e+00 6.894000586e-12
 3.828680072e-03 2.298000390e+00 2.302500000e+00 6.893994341e-12
 3.842353272e-03 2.298000390e+00 2.302500000e+00 6.893994757e-12
 3.852608171e-03 2.298000390e+00 2.302500000e+00 6.893997533e-12
 3.869699672e-03 2.298000390e+00 2.302500000e+00 6.893996562e-12
 3.874827122e-03 2.298000390e+00 2.302500000e+00 6.893997672e-12
 3.883372872e-03 2.298000390e+00 2.302500000e+00 6.893994480e-12
 3.897046071e-03 2.298000390e+00 2.302500000e+00 6.893994757e-12
 3.902173521e-03 2.298000390e+00 2.302500000e+00 6.893989900e-12
 3.920974171e-03 2.298000390e+00 2.302500000e+00 6.893997672e-12
 3.924392472e-03 2.298000390e+00 2.302500000e+00 6.893994757e-12
 3.926101622e-03 2.298000390e+00 2.302500000e+00 6.893991843e-12
 3.929519921e-03 2.298000390e+00 2.302500000e+00 6.893995312e-12
 3.951738872e-03 2.298000390e+00 2.302500000e+00 6.893991843e-12
 3.979085271e-03 2.298000390e+00 2.302500000e+00 6.893991843e-12
 3.999595072e-03 2.298000390e+00 2.302500000e+00 6.893987402e-12
 4.006431672e-03 2.298000390e+00 2.302500000e+00 6.893990872e-12
 4.009849971e-03 2.298000390e+00 2.302500000e+00 6.893991843e-12
 4.011559121e-03 2.298000390e+00 2.302500000e+00 6.893987402e-12
 4.033778072e-03 2.298000390e+00 2.302500000e+00 6.893991843e-12
 4.040614672e-03 2.298000390e+00 2.302500000e+00 6.893987402e-12
 4.061124471e-03 2.298000390e+00 2.302500000e+00 6.893987402e-12
 4.062833621e-03 2.298000390e+00 2.302500000e+00 6.893991843e-12
 4.090180022e-03 2.298000390e+00 2.302500000e+00 6.893988374e-12
 4.091889172e-03 2.298000390e+00 2.302500000e+00 6.893991843e-12
 4.093598321e-03 2.298000390e+00 2.302500000e+00 6.893987402e-12
 4.117526421e-03 2.298000390e+00 2.302500000e+00 6.893990872e-12
 4.120944722e-03 2.298000390e+00 2.302500000e+00 6.893991843e-12
 4.122653872e-03 2.298000390e+00 2.302500000e+00 6.893987402e-12
 4.144872821e-03 2.298000390e+00 2.302500000e+00 6.893991843e-12
 4.146581972e-03 2.298000390e+00 2.302500000e+00 6.893987402e-12
 4.172219222e-03 2.298000390e+00 2.302500000e+00 6.893988374e-12
 4.173928372e-03 2.298000390e+00 2.302500000e+00 6.893991843e-12
 4.175637521e-03 2.298000390e+00 2.302500000e+00 6.893987402e-12
 4.199565621e-03 2.298000390e+00 2.302500000e+00 6.893990872e-12
 4.202983921e-03 2.298000390e+00 2.302500000e+00 6.893991843e-12
 4.204693072e-03 2.298000390e+00 2.302500000e+00 6.893987402e-12
 4.226912021e-03 2.298000390e+00 2.302500000e+00 6.893991843e-12
 4.228621172e-03 2.298000390e+00 2.302500000e+00 6.893987402e-12
 4.254258422e-03 2.298000390e+00 2.302500000e+00 6.893988374e-12
 4.255967572e-03 2.298000390e+00 2.302500000e+00 6.893991843e-12
 4.257676721e-03 2.298000390e+00 2.302500000e+00 6.893987402e-12
 4.281604821e-03 2.298000390e+00 2.302500000e+00 6.893990872e-12
 4.285023121e-03 2.298000390e+00 2.302500000e+00 6.893991843e-12
 4.286732272e-03 2.298000390e+00 2.302500000e+00 6.893987402e-12
 4.308951221e-03 2.298000390e+00 2.302500000e+00 6.893991843e-12
 4.310660372e-03 2.298000390e+00 2.302500000e+00 6.893987402e-12
 4.336297622e-03 2.298000390e+00 2.302500000e+00 6.893988374e-12
 4.338006772e-03 2.298000390e+00 2.302500000e+00 6.893991843e-12
 4.339715921e-03 2.298000390e+00 2.302500000e+00 6.893987402e-12
 4.363644022e-03 2.298000390e+00 2.302500000e+00 6.893990872e-12
 4.367062321e-03 2.298000390e+00 2.302500000e+00 6.893991843e-12
 4.368771472e-03 2.298000390e+00 2.302500000e+00 6.893987402e-12
 4.390990421e-03 2.298000390e+00 2.302500000e+00 6.893991843e-12
 4.392699572e-03 2.298000390e+00 2.302500000e+00 6.893987402e-12
 4.418336822e-03 2.298000390e+00 2.302500000e+00 6.893988374e-12
 4.420045972e-03 2.298000390e+00 2.302500000e+00 6.893991843e-12
 4.421755121e-03 2.298000390e+00 2.302500000e+00 6.893987402e-12
 4.447392371e-03 2.298000390e+00 2.302500000e+00 6.893988374e-12
 4.449101521e-03 2.298000390e+00 2.302500000e+00 6.893991843e-12
 4.450810672e-03 2.298000390e+00 2.302500000e+00 6.893987402e-12
 4.474738771e-03 2.298000390e+00 2.302500000e+00 6.893987402e-12
 4.476447922e-03 2.298000390e+00 2.302500000e+00 6.893991843e-12
 4.502085172e-03 2.298000390e+00 2.302500000e+00 6.893991843e-12
 4.503794322e-03 2.298000390e+00 2.302500000e+00 6.893987402e-12
 4.529431571e-03 2.298000390e+00 2.302500000e+00 6.893988374e-12
 4.531140721e-03 2.298000390e+00 2.302500000e+00 6.893991843e-12
 4.532849872e-03 2.298000390e+00 2.302500000e+00 6.893987402e-12
 4.556777971e-03 2.298000390e+00 2.302500000e+00 6.893987402e-12
 4.558487122e-03 2.298000390e+00 2.302500000e+00 6.893991843e-12
 4.584124372e-03 2.298000390e+00 2.302500000e+00 6.893991843e-12
 4.585833522e-03 2.298000390e+00 2.302500000e+00 6.893987402e-12
 4.611470771e-03 2.298000390e+00 2.302500000e+00 6.893988374e-12
 4.613179921e-03 2.298000390e+00 2.302500000e+00 6.893991843e-12
 4.614889071e-03 2.298000390e+00 2.302500000e+00 6.893987402e-12
 4.638817171e-03 2.298000390e+00 2.302500000e+00 6.893987402e-12
 4.640526322e-03 2.298000390e+00 2.302500000e+00 6.893991843e-12
 4.666163572e-03 2.298000390e+00 2.302500000e+00 6.893991843e-12
 4.667872722e-03 2.298000390e+00 2.302500000e+00 6.893987402e-12
 4.693509971e-03 2.298000390e+00 2.302500000e+00 6.893988374e-12
 4.695219121e-03 2.298000390e+00 2.302500000e+00 6.893991843e-12
 4.696928271e-03 2.298000390e+00 2.302500000e+00 6.893987402e-12
 4.720856371e-03 2.298000390e+00 2.302500000e+00 6.893987402e-12
 4.722565522e-03 2.298000390e+00 2.302500000e+00 6.893991843e-12
 4.748202772e-03 2.298000390e+00 2.302500000e+00 6.893991843e-12
 4.749911922e-03 2.298000390e+00 2.302500000e+00 6.893987402e-12
 4.777258321e-03 2.298000390e+00 2.302500000e+00 6.893991843e-12
 4.778967471e-03 2.298000390e+00 2.302500000e+00 6.893987402e-12
 4.804604722e-03 2.298000390e+00 2.302500000e+00 6.893991843e-12
 4.811441321e-03 2.298000390e+00 2.302500000e+00 6.893987402e-12
 4.831951122e-03 2.298000390e+00 2.302500000e+00 6.893987402e-12
 4.833660271e-03 2.298000390e+00 2.302500000e+00 6.893991843e-12
 4.859297521e-03 2.298000390e+00 2.302500000e+00 6.893991843e-12
 4.861006671e-03 2.298000390e+00 2.302500000e+00 6.893987402e-12
 4.886643921e-03 2.298000390e+00 2.302500000e+00 6.893991843e-12
 4.893480521e-03 2.298000390e+00 2.302500000e+00 6.893987402e-12
 4.913990322e-03 2.298000390e+00 2.302500000e+00 6.893987402e-12
 4.915699471e-03 2.298000390e+00 2.302500000e+00 6.893991843e-12
 4.941336721e-03 2.298000390e+00 2.302500000e+00 6.893991843e-12
 4.943045871e-03 2.298000390e+00 2.302500000e+00 6.893987402e-12
 4.968683121e-03 2.298000390e+00 2.302500000e+00 6.893991843e-12
 4.975519721e-03 2.298000390e+00 2.302500000e+00 6.893987402e-12
 4.996029522e-03 2.298000390e+00 2.302500000e+00 6.893987402e-12
 4.997738672e-03 2.298000390e+00 2.302500000e+00 6.893991843e-12
 5.023375921e-03 2.298000390e+00 2.302500000e+00 6.893991843e-12
 5.025085071e-03 2.298000390e+00 2.302500000e+00 6.893987402e-12
 5.050722321e-03 2.298000390e+00 2.302500000e+00 6.893991843e-12
 5.057558921e-03 2.298000390e+00 2.302500000e+00 6.893987402e-12
 5.078068722e-03 2.298000390e+00 2.302500000e+00 6.893987402e-12
 5.079777872e-03 2.298000390e+00 2.302500000e+00 6.893991843e-12
 5.105415121e-03 2.298000390e+00 2.302500000e+00 6.893991843e-12
 5.107124271e-03 2.298000390e+00 2.302500000e+00 6.893987402e-12
 5.134470672e-03 2.298000390e+00 2.302500000e+00 6.893990872e-12
 5.137888972e-03 2.298000390e+00 2.302500000e+00 6.893991843e-12
 5.139598121e-03 2.298000390e+00 2.302500000e+00 6.893987402e-12
 5.161817072e-03 2.298000390e+00 2.302500000e+00 6.893991843e-12
 5.168653672e-03 2.298000390e+00 2.302500000e+00 6.893987402e-12
 5.189163471e-03 2.298000390e+00 2.302500000e+00 6.893987402e-12
 5.190872621e-03 2.298000390e+00 2.302500000e+00 6.893991843e-12
 5.216509872e-03 2.298000390e+00 2.302500000e+00 6.893990872e-12
 5.219928172e-03 2.298000390e+00 2.302500000e+00 6.893991843e-12
 5.221637321e-03 2.298000390e+00 2.302500000e+00 6.893987402e-12
 5.243856272e-03 2.298000390e+00 2.302500000e+00 6.893991843e-12
 5.250692872e-03 2.298000390e+00 2.302500000e+00 6.893987402e-12
 5.271202671e-03 2.298000390e+00 2.302500000e+00 6.893987402e-12
 5.272911821e-03 2.298000390e+00 2.302500000e+00 6.893991843e-12
 5.298549071e-03 2.298000390e+00 2.302500000e+00 6.893990872e-12
 5.301967372e-03 2.298000390e+00 2.302500000e+00 6.893991843e-12
 5.303676521e-03 2.298000390e+00 2.302500000e+00 6.893987402e-12
 5.325895472e-03 2.298000390e+00 2.302500000e+00 6.893991843e-12
 5.332732072e-03 2.298000390e+00 2.302500000e+00 6.893987402e-12
 5.353241871e-03 2.298000390e+00 2.302500000e+00 6.893987402e-12
 5.354951021e-03 2.298000390e+00 2.302500000e+00 6.893991843e-12
 5.380588271e-03 2.298000390e+00 2.302500000e+00 6.893990872e-12
 5.384006572e-03 2.298000390e+00 2.302500000e+00 6.893991843e-12
 5.385715721e-03 2.298000390e+00 2.302500000e+00 6.893987402e-12
 5.407934672e-03 2.298000390e+00 2.302500000e+00 6.893991843e-12
 5.414771272e-03 2.298000390e+00 2.302500000e+00 6.893987402e-12
 5.435281071e-03 2.298000390e+00 2.302500000e+00 6.893987402e-12
 5.436990221e-03 2.298000390e+00 2.302500000e+00 6.893991843e-12
 5.464336622e-03 2.298000390e+00 2.302500000e+00 6.893988374e-12
 5.466045772e-03 2.298000390e+00 2.302500000e+00 6.893991843e-12
 5.467754921e-03 2.298000390e+00 2.302500000e+00 6.893987402e-12
 5.491683022e-03 2.298000390e+00 2.302500000e+00 6.893990872e-12
 5.495101321e-03 2.298000390e+00 2.302500000e+00 6.893991843e-12
 5.496810472e-03 2.298000390e+00 2.302500000e+00 6.893987402e-12
 5.519029421e-03 2.298000390e+00 2.302500000e+00 6.893991843e-12
 5.520738571e-03 2.298000390e+00 2.302500000e+00 6.893987402e-12
 5.546375822e-03 2.298000390e+00 2.302500000e+00 6.893988374e-12
 5.548084972e-03 2.298000390e+00 2.302500000e+00 6.893991843e-12
 5.549794122e-03 2.298000390e+00 2.302500000e+00 6.893987402e-12
 5.573722222e-03 2.298000390e+00 2.302500000e+00 6.893990872e-12
 5.577140521e-03 2.298000390e+00 2.302500000e+00 6.893991843e-12
 5.578849672e-03 2.298000390e+00 2.302500000e+00 6.893987402e-12
 5.601068621e-03 2.298000390e+00 2.302500000e+00 6.893991843e-12
 5.602777771e-03 2.298000390e+00 2.302500000e+00 6.893987402e-12
 5.628415022e-03 2.298000390e+00 2.302500000e+00 6.893988374e-12
 5.630124172e-03 2.298000390e+00 2.302500000e+00 6.893991843e-12
 5.631833322e-03 2.298000390e+00 2.302500000e+00 6.893987402e-12
 5.655761422e-03 2.298000390e+00 2.302500000e+00 6.893990872e-12
 5.659179721e-03 2.298000390e+00 2.302500000e+00 6.893991843e-12
 5.660888871e-03 2.298000390e+00 2.302500000e+00 6.893987402e-12
 5.683107821e-03 2.298000390e+00 2.302500000e+00 6.893991843e-12
 5.684816971e-03 2.298000390e+00 2.302500000e+00 6.893987402e-12
 5.710454221e-03 2.298000390e+00 2.302500000e+00 6.893988374e-12
 5.712163372e-03 2.298000390e+00 2.302500000e+00 6.893991843e-12
 5.713872522e-03 2.298000390e+00 2.302500000e+00 6.893987402e-12
 5.737800622e-03 2.298000390e+00 2.302500000e+00 6.893990872e-12
 5.741218921e-03 2.298000390e+00 2.302500000e+00 6.893991843e-12
 5.742928071e-03 2.298000390e+00 2.302500000e+00 6.893987402e-12
 5.765147021e-03 2.298000390e+00 2.302500000e+00 6.893991843e-12
 5.766856171e-03 2.298000390e+00 2.302500000e+00 6.893987402e-12
 5.792493421e-03 2.298000390e+00 2.302500000e+00 6.893988374e-12
 5.794202572e-03 2.298000390e+00 2.302500000e+00 6.893991843e-12
 5.795911722e-03 2.298000390e+00 2.302500000e+00 6.893987402e-12
 5.821548972e-03 2.298000390e+00 2.302500000e+00 6.893988374e-12
 5.823258121e-03 2.298000390e+00 2.302500000e+00 6.893991843e-12
 5.824967271e-03 2.298000390e+00 2.302500000e+00 6.893987402e-12
 5.848895371e-03 2.298000390e+00 2.302500000e+00 6.893987402e-12
 5.850604522e-03 2.298000390e+00 2.302500000e+00 6.893991843e-12
 5.876241772e-03 2.298000390e+00 2.302500000e+00 6.893991843e-12
 5.877950922e-03 2.298000390e+00 2.302500000e+00 6.893987402e-12
 5.903588172e-03 2.298000390e+00 2.302500000e+00 6.893988374e-12
 5.905297321e-03 2.298000390e+00 2.302500000e+00 6.893991843e-12
 5.907006471e-03 2.298000390e+00 2.302500000e+00 6.893987402e-12
 5.930934571e-03 2.298000390e+00 2.302500000e+00 6.893987402e-12
 5.932643721e-03 2.298000390e+00 2.302500000e+00 6.893991843e-12
 5.958280972e-03 2.298000390e+00 2.302500000e+00 6.893991843e-12
 5.959990122e-03 2.298000390e+00 2.302500000e+00 6.893987402e-12
 5.985627372e-03 2.298000390e+00 2.302500000e+00 6.893988374e-12
 5.987336521e-03 2.298000390e+00 2.302500000e+00 6.893991843e-12
 5.989045671e-03 2.298000390e+00 2.302500000e+00 6.893987402e-12
 6.012973771e-03 2.298000390e+00 2.302500000e+00 6.893987402e-12
 6.014682921e-03 2.298000390e+00 2.302500000e+00 6.893991843e-12
 6.040320172e-03 2.298000390e+00 2.302500000e+00 6.893991843e-12
 6.042029322e-03 2.298000390e+00 2.302500000e+00 6.893987402e-12
 6.067666572e-03 2.298000390e+00 2.302500000e+00 6.893988374e-12
 6.069375721e-03 2.298000390e+00 2.302500000e+00 6.893991843e-12
 6.071084871e-03 2.298000390e+00 2.302500000e+00 6.893987402e-12
 6.095012971e-03 2.298000390e+00 2.302500000e+00 6.893987402e-12
 6.096722121e-03 2.298000390e+00 2.302500000e+00 6.893991843e-12
 6.122359371e-03 2.298000390e+00 2.302500000e+00 6.893991843e-12
 6.124068522e-03 2.298000390e+00 2.302500000e+00 6.893987402e-12
 6.151414921e-03 2.298000390e+00 2.302500000e+00 6.893991843e-12
 6.153124071e-03 2.298000390e+00 2.302500000e+00 6.893987402e-12
 6.178761321e-03 2.298000390e+00 2.302500000e+00 6.893991843e-12
 6.185597921e-03 2.298000390e+00 2.302500000e+00 6.893987402e-12
 6.206107722e-03 2.298000390e+00 2.302500000e+00 6.893987402e-12
 6.207816872e-03 2.298000390e+00 2.302500000e+00 6.893991843e-12
 6.233454122e-03 2.298000390e+00 2.302500000e+00 6.893991843e-12
 6.235163271e-03 2.298000390e+00 2.302500000e+00 6.893987402e-12
 6.260800521e-03 2.298000390e+00 2.302500000e+00 6.893991843e-12
 6.267637121e-03 2.298000390e+00 2.302500000e+00 6.893987402e-12
 6.288146922e-03 2.298000390e+00 2.302500000e+00 6.893987402e-12
 6.289856072e-03 2.298000390e+00 2.302500000e+00 6.893991843e-12
 6.315493322e-03 2.298000390e+00 2.302500000e+00 6.893991843e-12
 6.317202471e-03 2.298000390e+00 2.302500000e+00 6.893987402e-12
 6.342839721e-03 2.298000390e+00 2.302500000e+00 6.893991843e-12
 6.349676321e-03 2.298000390e+00 2.302500000e+00 6.893987402e-12
 6.370186122e-03 2.298000390e+00 2.302500000e+00 6.893987402e-12
 6.371895272e-03 2.298000390e+00 2.302500000e+00 6.893991843e-12
 6.397532522e-03 2.298000390e+00 2.302500000e+00 6.893991843e-12
 6.399241671e-03 2.298000390e+00 2.302500000e+00 6.893987402e-12
 6.424878921e-03 2.298000390e+00 2.302500000e+00 6.893991843e-12
 6.431715521e-03 2.298000390e+00 2.302500000e+00 6.893987402e-12
 6.452225322e-03 2.298000390e+00 2.302500000e+00 6.893987402e-12
 6.453934472e-03 2.298000390e+00 2.302500000e+00 6.893991843e-12
 6.479571722e-03 2.298000390e+00 2.302500000e+00 6.893991843e-12
 6.481280871e-03 2.298000390e+00 2.302500000e+00 6.893987402e-12
 6.508627271e-03 2.298000390e+00 2.302500000e+00 6.893990872e-12
 6.512045572e-03 2.298000390e+00 2.302500000e+00 6.893991843e-12
 6.513754721e-03 2.298000390e+00 2.302500000e+00 6.893987402e-12
 6.535973672e-03 2.298000390e+00 2.302500000e+00 6.893991843e-12
 6.542810272e-03 2.298000390e+00 2.302500000e+00 6.893987402e-12
 6.563320071e-03 2.298000390e+00 2.302500000e+00 6.893987402e-12
 6.565029221e-03 2.298000390e+00 2.302500000e+00 6.893991843e-12
 6.590666471e-03 2.298000390e+00 2.302500000e+00 6.893990872e-12
 6.594084772e-03 2.298000390e+00 2.302500000e+00 6.893991843e-12
 6.595793922e-03 2.298000390e+00 2.302500000e+00 6.893987402e-12
 6.618012872e-03 2.298000390e+00 2.302500000e+00 6.893991843e-12
 6.624849471e-03 2.298000390e+00 2.302500000e+00 6.893987402e-12
 6.645359272e-03 2.298000390e+00 2.302500000e+00 6.893987402e-12
 6.647068421e-03 2.298000390e+00 2.302500000e+00 6.893991843e-12
 6.672705671e-03 2.298000390e+00 2.302500000e+00 6.893990872e-12
 6.676123972e-03 2.298000390e+00 2.302500000e+00 6.893991843e-12
 6.677833122e-03 2.298000390e+00 2.302500000e+00 6.893987402e-12
 6.700052072e-03 2.298000390e+00 2.302500000e+00 6.893991843e-12
 6.706888671e-03 2.298000390e+00 2.302500000e+00 6.893987402e-12
 6.727398472e-03 2.298000390e+00 2.302500000e+00 6.893987402e-12
 6.729107621e-03 2.298000390e+00 2.302500000e+00 6.893991843e-12
 6.754744871e-03 2.298000390e+00 2.302500000e+00 6.893990872e-12
 6.758163172e-03 2.298000390e+00 2.302500000e+00 6.893991843e-12
 6.759872322e-03 2.298000390e+00 2.302500000e+00 6.893987402e-12
 6.782091272e-03 2.298000390e+00 2.302500000e+00 6.893991843e-12
 6.788927871e-03 2.298000390e+00 2.302500000e+00 6.893987402e-12
 6.809437672e-03 2.298000390e+00 2.302500000e+00 6.893987402e-12
 6.836610000e-03 2.298000390e+00 2.302500000e+00 6.893992814e-12
