 frequency         v(n_filt_out)     v(n_filt_out)    
 1.0243100000e+00  9.9999619382e-01 -1.2882074231e-03 
 1.0726561562e+00  9.9999607369e-01 -1.3490091011e-03 
 1.1232841907e+00  9.9999594195e-01 -1.4126805265e-03 
 1.1763018054e+00  9.9999579748e-01 -1.4793571456e-03 
 1.2318217854e+00  9.9999563905e-01 -1.5491807969e-03 
 1.2899622394e+00  9.9999546531e-01 -1.6223000133e-03 
 1.3508468504e+00  9.9999527478e-01 -1.6988703379e-03 
 1.4146051392e+00  9.9999506585e-01 -1.7790546544e-03 
 1.4813727398e+00  9.9999483672e-01 -1.8630235341e-03 
 1.5512916880e+00  9.9999458546e-01 -1.9509555982e-03 
 1.6245107234e+00  9.9999430992e-01 -2.0430378978e-03 
 1.7011856062e+00  9.9999400775e-01 -2.1394663116e-03 
 1.7814794478e+00  9.9999367639e-01 -2.2404459626e-03 
 1.8655630588e+00  9.9999331301e-01 -2.3461916540e-03 
 1.9536153116e+00  9.9999291451e-01 -2.4569283262e-03 
 2.0458235209e+00  9.9999247752e-01 -2.5728915347e-03 
 2.1423838429e+00  9.9999199830e-01 -2.6943279511e-03 
 2.2435016919e+00  9.9999147277e-01 -2.8214958877e-03 
 2.3493921773e+00  9.9999089647e-01 -2.9546658460e-03 
 2.4602805618e+00  9.9999026448e-01 -3.0941210923e-03 
 2.5764027399e+00  9.9998957142e-01 -3.2401582595e-03 
 2.6980057402e+00  9.9998881140e-01 -3.3930879773e-03 
 2.8253482506e+00  9.9998797794e-01 -3.5532355326e-03 
 2.9587011689e+00  9.9998706395e-01 -3.7209415606e-03 
 3.0983481789e+00  9.9998606165e-01 -3.8965627684e-03 
 3.2445863537e+00  9.9998496250e-01 -4.0804726928e-03 
 3.3977267883e+00  9.9998375714e-01 -4.2730624936e-03 
 3.5580952607e+00  9.9998243533e-01 -4.4747417845e-03 
 3.7260329252e+00  9.9998098579e-01 -4.6859395027e-03 
 3.9018970383e+00  9.9997939619e-01 -4.9071048193e-03 
 4.0860617185e+00  9.9997765300e-01 -5.1387080930e-03 
 4.2789187421e+00  9.9997574138e-01 -5.3812418683e-03 
 4.4808783772e+00  9.9997364505e-01 -5.6352219197e-03 
 4.6923702554e+00  9.9997134617e-01 -5.9011883467e-03 
 4.9138442868e+00  9.9996882516e-01 -6.1797067180e-03 
 5.1457716167e+00  9.9996606057e-01 -6.4713692711e-03 
 5.3886456277e+00  9.9996302887e-01 -6.7767961666e-03 
 5.6429829894e+00  9.9995970423e-01 -7.0966368023e-03 
 5.9093247579e+00  9.9995605836e-01 -7.4315711876e-03 
 6.1882375261e+00  9.9995206023e-01 -7.7823113831e-03 
 6.4803146295e+00  9.9994767580e-01 -8.1496030063e-03 
 6.7861774085e+00  9.9994286775e-01 -8.5342268081e-03 
 7.1064765296e+00  9.9993759514e-01 -8.9370003221e-03 
 7.4418933703e+00  9.9993181311e-01 -9.3587795909e-03 
 7.7931414681e+00  9.9992547243e-01 -9.8004609720e-03 
 8.1609680386e+00  9.9991851913e-01 -1.0262983028e-02 
 8.5461555651e+00  9.9991089402e-01 -1.0747328501e-02 
 8.9495234631e+00  9.9990253222e-01 -1.1254526384e-02 
 9.3719298234e+00  9.9989336254e-01 -1.1785654083e-02 
 9.8142732378e+00  9.9988330694e-01 -1.2341839675e-02 
 1.0277494710e+01  9.9987227985e-01 -1.2924264278e-02 
 1.0762579660e+01  9.9986018742e-01 -1.3534164523e-02 
 1.1270560014e+01  9.9984692674e-01 -1.4172835138e-02 
 1.1802516409e+01  9.9983238497e-01 -1.4841631651e-02 
 1.2359580483e+01  9.9981643837e-01 -1.5541973213e-02 
 1.2942937287e+01  9.9979895125e-01 -1.6275345548e-02 
 1.3553827806e+01  9.9977977482e-01 -1.7043304039e-02 
 1.4193551596e+01  9.9975874593e-01 -1.7847476938e-02 
 1.4863469552e+01  9.9973568568e-01 -1.8689568732e-02 
 1.5565006802e+01  9.9971039791e-01 -1.9571363648e-02 
 1.6299655736e+01  9.9968266751e-01 -2.0494729311e-02 
 1.7068979185e+01  9.9965225864e-01 -2.1461620559e-02 
 1.7874613742e+01  9.9961891269e-01 -2.2474083419e-02 
 1.8718273247e+01  9.9958234609e-01 -2.3534259257e-02 
 1.9601752429e+01  9.9954224793e-01 -2.4644389088e-02 
 2.0526930729e+01  9.9949827733e-01 -2.5806818074e-02 
 2.1495776292e+01  9.9945006053e-01 -2.7024000199e-02 
 2.2510350159e+01  9.9939718772e-01 -2.8298503125e-02 
 2.3572810648e+01  9.9933920964e-01 -2.9633013239e-02 
 2.4685417950e+01  9.9927563369e-01 -3.1030340899e-02 
 2.5850538930e+01  9.9920591984e-01 -3.2493425857e-02 
 2.7070652169e+01  9.9912947608e-01 -3.4025342894e-02 
 2.8348353234e+01  9.9904565337e-01 -3.5629307636e-02 
 2.9686360197e+01  9.9895374022e-01 -3.7308682569e-02 
 3.1087519422e+01  9.9885295671e-01 -3.9066983248e-02 
 3.2554811618e+01  9.9874244791e-01 -4.0907884682e-02 
 3.4091358177e+01  9.9862127674e-01 -4.2835227907e-02 
 3.5700427820e+01  9.9848841610e-01 -4.4853026725e-02 
 3.7385443547e+01  9.9834274028e-01 -4.6965474593e-02 
 3.9149989917e+01  9.9818301555e-01 -4.9176951662e-02 
 4.0997820677e+01  9.9800788992e-01 -5.1492031930e-02 
 4.2932866748e+01  9.9781588185e-01 -5.3915490486e-02 
 4.4959244583e+01  9.9760536798e-01 -5.6452310824e-02 
 4.7081264929e+01  9.9737456969e-01 -5.9107692178e-02 
 4.9303441991e+01  9.9712153844e-01 -6.1887056832e-02 
 5.1630503043e+01  9.9684413969e-01 -6.4796057363e-02 
 5.4067398478e+01  9.9654003544e-01 -6.7840583745e-02 
 5.6619312342e+01  9.9620666513e-01 -7.1026770227e-02 
 5.9291673362e+01  9.9584122475e-01 -7.4361001921e-02 
 6.2090166494e+01  9.9544064421e-01 -7.7849920971e-02 
 6.5020745016e+01  9.9500156251e-01 -8.1500432190e-02 
 6.8089643194e+01  9.9452030086e-01 -8.5319708030e-02 
 7.1303389543e+01  9.9399283333e-01 -8.9315192702e-02 
 7.4668820717e+01  9.9341475500e-01 -9.3494605269e-02 
 7.8193096051e+01  9.9278124734e-01 -9.7865941485e-02 
 8.1883712791e+01  9.9208704065e-01 -1.0243747412e-01 
 8.5748522044e+01  9.9132637335e-01 -1.0721775149e-01 
 8.9795745480e+01  9.9049294794e-01 -1.1221559382e-01 
 9.4033992821e+01  9.8957988332e-01 -1.1744008714e-01 
 9.8472280158e+01  9.8857966341e-01 -1.2290057414e-01 
 1.0312004913e+02  9.8748408172e-01 -1.2860664159e-01 
 1.0798718701e+02  9.8628418179e-01 -1.3456810374e-01 
 1.1308404773e+02  9.8497019319e-01 -1.4079498098e-01 
 1.1842147393e+02  9.8353146314e-01 -1.4729747314e-01 
 1.2401082000e+02  9.8195638338e-01 -1.5408592648e-01 
 1.2986397624e+02  9.8023231242e-01 -1.6117079359e-01 
 1.3599339417e+02  9.7834549310e-01 -1.6856258497e-01 
 1.4241211298e+02  9.7628096546e-01 -1.7627181134e-01 
 1.4913378733e+02  9.7402247527e-01 -1.8430891525e-01 
 1.5617271634e+02  9.7155237840e-01 -1.9268419059e-01 
 1.6354387403e+02  9.6885154148e-01 -2.0140768849e-01 
 1.7126294118e+02  9.6589923966e-01 -2.1048910787e-01 
 1.7934633869e+02  9.6267305222e-01 -2.1993766870e-01 
 1.8781126249e+02  9.5914875724e-01 -2.2976196612e-01 
 1.9667572015e+02  9.5530022695e-01 -2.3996980320e-01 
 2.0595856917e+02  9.5109932552e-01 -2.5056800008e-01 
 2.1567955710e+02  9.4651581179e-01 -2.6156217725e-01 
 2.2585936356e+02  9.4151724982e-01 -2.7295651049e-01 
 2.3651964420e+02  9.3606893071e-01 -2.8475345523e-01 
 2.4768307681e+02  9.3013381015e-01 -2.9695343799e-01 
 2.5937340953e+02  9.2367246647e-01 -3.0955451292e-01 
 2.7161551139e+02  9.1664308535e-01 -3.2255198165e-01 
 2.8443542522e+02  9.0900147781e-01 -3.3593797521e-01 
 2.9786042301e+02  9.0070113969e-01 -3.4970099758e-01 
 3.1191906398e+02  8.9169336129e-01 -3.6382543113e-01 
 3.2664125528e+02  8.8192739748e-01 -3.7829100572e-01 
 3.4205831568e+02  8.7135070928e-01 -3.9307223452e-01 
 3.5820304213e+02  8.5990928907e-01 -4.0813782186e-01 
 3.7510977956e+02  8.4754808227e-01 -4.2345005056e-01 
 3.9281449393e+02  8.3421151902e-01 -4.3896415912e-01 
 4.1135484877e+02  8.1984416923e-01 -4.5462772268e-01 
 4.3077028527e+02  8.0439153412e-01 -4.7038005515e-01 
 4.5110210619e+02  7.8780098609e-01 -4.8615165445e-01 
 4.7239356373e+02  7.7002286651e-01 -5.0186371735e-01 
 4.9468995155e+02  7.5101174778e-01 -5.1742775523e-01 
 5.1803870109e+02  7.3072786120e-01 -5.3274534691e-01 
 5.4248948254e+02  7.0913868580e-01 -5.4770806929e-01 
 5.6809431042e+02  6.8622068541e-01 -5.6219765025e-01 
 5.9490765428e+02  6.6196117097e-01 -5.7608639089e-01 
 6.2298655457e+02  6.3636025376e-01 -5.8923790491e-01 
 6.5239074398e+02  6.0943284172e-01 -6.0150822098e-01 
 6.8318277451e+02  5.8121061663e-01 -6.1274728925e-01 
 7.1542815052e+02  5.5174391530e-01 -6.2280092376e-01 
 7.4919546812e+02  5.2110342336e-01 -6.3151319927e-01 
 7.8455656105e+02  4.8938157798e-01 -6.3872930255e-01 
 8.2158665353e+02  4.5669356670e-01 -6.4429881477e-01 
 8.6036452024e+02  4.2317780556e-01 -6.4807937399e-01 
 9.0097265397e+02  3.8899578286e-01 -6.4994063533e-01 
 9.4349744103e+02  3.5433116599e-01 -6.4976841336e-01 
 9.8802934506e+02  3.1938809034e-01 -6.4746885927e-01 
 1.0346630995e+03  2.8438858053e-01 -6.4297249604e-01 
 1.0834979091e+03  2.4956909561e-01 -6.3623791374e-01 
 1.1346376608e+03  2.1517623941e-01 -6.2725491532e-01 
 1.1881911452e+03  1.8146173244e-01 -6.1604690584e-01 
 1.2442722873e+03  1.4867679767e-01 -6.0267233618e-01 
 1.3030003894e+03  1.1706616570e-01 -5.8722504703e-01 
 1.3645003848e+03  8.6861948227e-02 -5.6983341010e-01 
 1.4289031034e+03  5.8277657930e-02 -5.5065822752e-01 
 1.4963455501e+03  3.1502663836e-02 -5.2988942337e-01 
 1.5669711963e+03  6.6973601664e-03 -5.0774163688e-01 
 1.6409302850e+03 -1.6010705788e-02 -4.8444889845e-01 
 1.7183801506e+03 -3.6529554008e-02 -4.6025862930e-01 
 1.7994855534e+03 -5.4804215950e-02 -4.3542524934e-01 
 1.8844190302e+03 -7.0816856384e-02 -4.1020369878e-01 
 1.9733612613e+03 -8.4585607138e-02 -3.8484317767e-01 
 2.0665014549e+03 -9.6162222516e-02 -3.5958138317e-01 
 2.1640377496e+03 -1.0562872995e-01 -3.3463947990e-01 
 2.2661776359e+03 -1.1309329659e-01 -3.1021798106e-01 
 2.3731383977e+03 -1.1868556008e-01 -2.8649365052e-01 
 2.4851475742e+03 -1.2255167896e-01 -2.6361746843e-01 
 2.6024434443e+03 -1.2484934683e-01 -2.4171363831e-01 
 2.7252755334e+03 -1.2574298756e-01 -2.2087955934e-01 
 2.8539051441e+03 -1.2539931094e-01 -2.0118664491e-01 
 2.9886059122e+03 -1.2398336370e-01 -1.8268184039e-01 
 3.1296643888e+03 -1.2165516491e-01 -1.6538967893e-01 
 3.2773806498e+03 -1.1856697063e-01 -1.4931471237e-01 
 3.4320689343e+03 -1.1486117385e-01 -1.3444416326e-01 
 3.5940583132e+03 -1.1066881339e-01 -1.2075066060e-01 
 3.7636933889e+03 -1.0610864182e-01 -1.0819494313e-01 
 3.9413350290e+03 -1.0128668556e-01 -9.6728438224e-02 
 4.1273611332e+03 -9.6296221559e-02 -8.6295647938e-02 
 4.3221674379e+03 -9.1218092033e-02 -7.6836296653e-02 
 4.5261683575e+03 -8.6121280397e-02 -6.8287214416e-02 
 4.7397978663e+03 -8.1063677411e-02 -6.0583946845e-02 
 4.9635104219e+03 -7.6092974136e-02 -5.3662095623e-02 
 5.1977819315e+03 -7.1247627512e-02 -4.7458403480e-02 
 5.4431107646e+03 -6.6557853846e-02 -4.1911604283e-02 
 5.7000188130e+03 -6.2046614738e-02 -3.6963063018e-02 
 5.9690526013e+03 -5.7730568523e-02 -3.2557232350e-02 
 6.2507844493e+03 -5.3620967881e-02 -2.8641952779e-02 
 6.5458136896e+03 -4.9724490742e-02 -2.5168622387e-02 
 6.8547679426e+03 -4.6043996964e-02 -2.2092260404e-02 
 7.1783044515e+03 -4.2579207506e-02 -1.9371486464e-02 
 7.5171114806e+03 -3.9327306122e-02 -1.6968434851e-02 
 7.8719097795e+03 -3.6283466003e-02 -1.4848620372e-02 
 8.2434541162e+03 -3.3441305502e-02 -1.2980769892e-02 
 8.6325348828e+03 -3.0793278148e-02 -1.1336631183e-02 
 9.0399797770e+03 -2.8331002803e-02 -9.8907685252e-03 
 9.4666555627e+03 -2.6045540049e-02 -8.6203525588e-03 
 9.9134699140e+03 -2.3927620880e-02 -7.5049502194e-03 
 1.0381373346e+04 -2.1967833559e-02 -6.5263191504e-03 
 1.0871361238e+04 -2.0156774157e-02 -5.6682098034e-03 
 1.1384475947e+04 -1.8485165874e-02 -4.9161774593e-03 
 1.1921809032e+04 -1.6943951755e-02 -4.2574056129e-03 
 1.2484503569e+04 -1.5524364954e-02 -3.6805415478e-03 
 1.3073756587e+04 -1.4217980209e-02 -3.1755444357e-03 
 1.3690821614e+04 -1.3016749750e-02 -2.7335459354e-03 
 1.4337011342e+04 -1.1913026428e-02 -2.3467229902e-03 
 1.5013700419e+04 -1.0899576462e-02 -2.0081823327e-03 
 1.5722328379e+04 -9.9695838736e-03 -1.7118560741e-03 
 1.6464402695e+04 -9.1166483261e-03 -1.4524076743e-03 
 1.7241501995e+04 -8.3347778544e-03 -1.2251475466e-03 
 1.8055279414e+04 -7.6183776880e-03 -1.0259575358e-03 
 1.8907466114e+04 -6.9622361914e-03 -8.5122351585e-04 
 1.9799874964e+04 -6.3615087503e-03 -6.9777537745e-04 
 2.0734404400e+04 -5.8117002822e-03 -5.6283370728e-04 
 2.1713042462e+04 -5.3086469194e-03 -4.4396250259e-04 
 2.2737871022e+04 -4.8484973038e-03 -3.3902730892e-04 
 2.3811070213e+04 -4.4276938359e-03 -2.4615821486e-04 
 2.4934923069e+04 -4.0429541496e-03 -1.6371718473e-04 
 2.6111820380e+04 -3.6912530157e-03 -9.0269255469e-05 
 2.7344265778e+04 -3.3698048265e-03 -2.4557168122e-05 
 2.8634881064e+04 -3.0760467718e-03  3.4520954286e-05 
 2.9986411784e+04 -2.8076227801e-03  8.7931231559e-05 
 3.1401733070e+04 -2.5623682718e-03  1.3652126697e-04 
 3.2883855759e+04 -2.3382957495e-03  1.8103528354e-04 
 3.4435932792e+04 -2.1335812307e-03  2.2212740560e-04 
 3.6061265928e+04 -1.9465515184e-03  2.6037330735e-04 
 3.7763312763e+04 -1.7756722893e-03  2.9628042580e-04 
 3.9545694089e+04 -1.6195369771e-03  3.3029691227e-04 
 4.1412201594e+04 -1.4768564190e-03  3.6281947724e-04 
 4.3366805928e+04 -1.3464492301e-03  3.9420026472e-04 
 4.5413665152e+04 -1.2272328693e-03  4.2475287667e-04 
 4.7557133582e+04 -1.1182153578e-03  4.5475765350e-04 
 4.9801771052e+04 -1.0184876100e-03  4.8446630393e-04 
 5.2152352615e+04 -9.2721633799e-04  5.1410596666e-04 
 5.4613878700e+04 -8.4363749057e-04  5.4388277572e-04 
 5.7191585750e+04 -7.6705018861e-04  5.7398499327e-04 
 5.9890957362e+04 -6.9681112010e-04  6.0458576536e-04 
 6.2717735952e+04 -6.3232935921e-04  6.3584554970e-04 
 6.5677934971e+04 -5.7306157512e-04  6.6791425827e-04 
 6.8777851696e+04 -5.1850759804e-04  7.0093315247e-04 
 7.2024080630e+04 -4.6820631095e-04  7.3503652388e-04 
 7.5423527526e+04 -4.2173183742e-04  7.7035318945e-04 
 7.8983424081e+04 -3.7868999652e-04  8.0700782666e-04 
 8.2711343319e+04 -3.3871499777e-04  8.4512217073e-04 
 8.6615215702e+04 -3.0146634937e-04  8.8481609350e-04 
 9.0703345999e+04 -2.6662595444e-04  9.2620858069e-04 
 9.4984430955e+04 -2.3389537022e-04  9.6941862260e-04 
 9.9467577787e+04 -2.0299320597e-04  1.0145660307e-03 
 1.0416232357e+05 -1.7365263535e-04  1.0617721913e-03 
 1.0907865550e+05 -1.4561899906e-04  1.1111607650e-03 
 1.1422703218e+05 -1.1864747329e-04  1.1628583402e-03 
 1.1961840582e+05 -9.2500778681e-05  1.2169950453e-03 
 1.2526424558e+05 -6.6946903765e-05  1.2737051243e-03 
 1.3117656195e+05 -4.1756814963e-05  1.3331274779e-03 
 1.3736793229e+05 -1.6702123797e-05  1.3954061691e-03 
 1.4385152759e+05  8.4473208230e-06  1.4606908909e-03 
 1.5064114052e+05  3.3925950213e-05  1.5291373898e-03 
 1.5775121472e+05  5.9975142108e-05  1.6009078347e-03 
 1.6519687557e+05  8.6846078479e-05  1.6761711166e-03 
 1.7299396233e+05  1.1480284312e-04  1.7551030569e-03 
 1.8115906188e+05  1.4412581303e-04  1.8378864943e-03 
 1.8970954396e+05  1.7511540445e-04  1.9247112117e-03 
 1.9866359814e+05  2.0809624153e-04  2.0157736468e-03 
 2.0804027252e+05  2.4342182392e-04  2.1112763177e-03 
 2.1785951426e+05  2.8147977766e-04  2.2114268684e-03 
 2.2814221198e+05  3.2269778143e-04  2.3164366131e-03 
 2.3891024022e+05  3.6755026721e-04  2.4265184198e-03 
 2.5018650598e+05  4.1656599788e-04  2.5418837277e-03 
 2.6199499744e+05  4.7033662345e-04  2.6627384319e-03 
 2.7436083499e+05  5.2952630756e-04  2.7892772953e-03 
 2.8731032468e+05  5.9488249262e-04  2.9216764523e-03 
 3.0087101414e+05  6.6724782745e-04  3.0600834495e-03 
 3.1507175126e+05  7.4757320416e-04  3.2046041307e-03 
 3.2994274548e+05  8.3693172716e-04  3.3552854986e-03 
 3.4551563210e+05  9.3653324392e-04  3.5120934908e-03 
 3.6182353958e+05  1.0477387766e-03  3.6748843909e-03 
 3.7890115997e+05  1.1720737672e-03  3.8433683745e-03 
 3.9678482278e+05  1.3112384400e-03  4.0170635008e-03 
 4.1551257220e+05  1.4671127363e-03  4.1952383626e-03 
 4.3512424807e+05  1.6417521348e-03  4.3768417049e-03 
 4.5566157060e+05  1.8373691851e-03  4.5604177752e-03 
 4.7716822918e+05  2.0562937651e-03  4.7440072293e-03 
 4.9968997526e+05  2.3009030080e-03  4.9250354108e-03 
 5.2327471970e+05  2.5735098343e-03  5.1001931998e-03 
 5.4797263471e+05  2.8761976493e-03  5.2653208315e-03 
 5.7383626054e+05  3.2105890994e-03  5.4153124810e-03 
 6.0092061729e+05  3.5775404309e-03  5.5440688916e-03 
 6.2928332194e+05  3.9767621375e-03  5.6445358457e-03 
 6.5898471093e+05  4.4063834308e-03  5.7088751196e-03 
 6.9008796849e+05  4.8625037976e-03  5.7288167608e-03 
 7.2265926106e+05  5.3388076361e-03  5.6962299328e-03 
 7.5676787807e+05  5.8263502808e-03  5.6039167100e-03 
 7.9248637932e+05  6.3136412814e-03  5.4465756188e-03 
 8.2989074934e+05  6.7871345235e-03  5.2218063878e-03 
 8.6906055903e+05  7.2321693001e-03  4.9309567661e-03 
 9.1007913496e+05  7.6342935284e-03  4.5795817785e-03 
 9.5303373657e+05  7.9807696074e-03  4.1773286690e-03 
 9.9801574188e+05  8.2619683100e-03  3.7371846012e-03 
 1.0451208418e+06  8.4723488469e-03  3.2741945266e-03 
 1.0944492438e+06  8.6108210103e-03  2.8039063256e-03 
 1.1461058849e+06  8.6804531217e-03  2.3408649653e-03 
 1.2002006551e+06  8.6876573749e-03  1.8974336540e-03 
 1.2568486311e+06  8.6410876850e-03  1.4830971820e-03 
 1.3161703211e+06  8.5504990674e-03  1.1042603157e-03 
 1.3782919209e+06  8.4257599396e-03  7.6444574130e-04 
 1.4433455828e+06  8.2761201025e-03  4.6474571550e-04 
 1.5114696965e+06  8.1097549967e-03  2.0438367521e-04 
 1.5828091836e+06  7.9335514641e-03 -1.8724635308e-05 
 1.6575158056e+06  7.7530746652e-03 -2.0747832180e-04 
 1.7357484871e+06  7.5726528245e-03 -3.6519709076e-04 
 1.8176736537e+06  7.3955261995e-03 -4.9532957655e-04 
 1.9034655861e+06  7.2240209442e-03 -6.0125319607e-04 
 1.9933067909e+06  7.0597223440e-03 -6.8614811726e-04 
 2.0873883887e+06  6.9036329646e-03 -7.5292706175e-04 
 2.1859105207e+06  6.7563090869e-03 -8.0420467618e-04 
 2.2890827746e+06  6.6179737870e-03 -8.4229332962e-04 
 2.3971246304e+06  6.4886078707e-03 -8.6921540431e-04 
 2.5102659272e+06  6.3680212542e-03 -8.8672495765e-04 
 2.6287473523e+06  6.2559078645e-03 -8.9633387999e-04 
 2.7528209530e+06  6.1518870949e-03 -8.9933936354e-04 
 2.8827506732e+06  6.0555345556e-03 -8.9685071274e-04 
 3.0188129144e+06  5.9664044638e-03 -8.8981436775e-04 
 3.1612971238e+06  5.8840456071e-03 -8.7903657495e-04 
 3.3105064105e+06  5.8080124383e-03 -8.6520350012e-04 
 3.4667581897e+06  5.7378725296e-03 -8.4889880349e-04 
 3.6303848582e+06  5.6732113443e-03 -8.3061882461e-04 
 3.8017345017e+06  5.6136350597e-03 -8.1078559226e-04 
 3.9811716349e+06  5.5587720009e-03 -7.8975790225e-04 
 4.1690779773e+06  5.5082731024e-03 -7.6784070856e-04 
 4.3658532650e+06  5.4618117113e-03 -7.4529306188e-04 
 4.5719161012e+06  5.4190829580e-03 -7.2233481017e-04 
 4.7877048466e+06  5.3798028591e-03 -6.9915225240e-04 
 5.0136785520e+06  5.3437072696e-03 -6.7590291311e-04 
 5.2503179349e+06  5.3105507646e-03 -6.5271958160e-04 
 5.4981264018e+06  5.2801055031e-03 -6.2971373819e-04 
 5.7576311198e+06  5.2521601126e-03 -6.0697847026e-04 
 6.0293841372e+06  5.2265186109e-03 -5.8459096366e-04 
 6.3139635585e+06  5.2029993820e-03 -5.6261464031e-04 
 6.6119747741e+06  5.1814342069e-03 -5.4110099994e-04 
 6.9240517479e+06  5.1616673547e-03 -5.2009121378e-04 
 7.2508583661e+06  5.1435547300e-03 -4.9961750884e-04 
 7.5930898496e+06  5.1269630751e-03 -4.7970437459e-04 
 7.9514742329e+06  5.1117692241e-03 -4.6036961794e-04 
 8.3267739127e+06  5.0978594037e-03 -4.4162528782e-04 
 8.7197872700e+06  5.0851285802e-03 -4.2347848679e-04 
 9.1313503681e+06  5.0734798462e-03 -4.0593208448e-04 
 9.5623387319e+06  5.0628238465e-03 -3.8898534486e-04 
 1.0013669210e+07  5.0530782399e-03 -3.7263447790e-04 
 1.0486301924e+07  5.0441671946e-03 -3.5687312434e-04 
 1.0981242313e+07  5.0360209148e-03 -3.4169278132e-04 
 1.1499543273e+07  5.0285751979e-03 -3.2708317543e-04 
 1.2042307392e+07  5.0217710195e-03 -3.1303258924e-04 
 1.2610689301e+07  5.0155541449e-03 -2.9952814620e-04 
 1.3205898129e+07  5.0098747671e-03 -2.8655605885e-04 
 1.3829200072e+07  5.0046871672e-03 -2.7410184415e-04 
 1.4481921091e+07  4.9999493995e-03 -2.6215050988e-04 
 1.5165449728e+07  4.9956229969e-03 -2.5068671520e-04 
 1.5881240066e+07  4.9916726972e-03 -2.3969490845e-04 
 1.6630814816e+07  4.9880661894e-03 -2.2915944487e-04 
 1.7415768561e+07  4.9847738771e-03 -2.1906468651e-04 
 1.8237771145e+07  4.9817686605e-03 -2.0939508662e-04 
 1.9098571226e+07  4.9790257333e-03 -2.0013526024e-04 
 2.0000000000e+07  4.9765223958e-03 -1.9127004292e-04 
