 time v(n_filt_out) v(adc_h) v(smp)
 0.000000000e+00 3.686396832e+00 9.215992208e-01 0.000000000e+00
 1.325625000e-07 3.686396832e+00 9.215992208e-01 0.000000000e+00
 2.966250000e-07 3.686396832e+00 9.215992208e-01 0.000000000e+00
 4.606875000e-07 3.686396832e+00 9.215992208e-01 0.000000000e+00
 6.247500000e-07 3.686396832e+00 9.215992208e-01 0.000000000e+00
 7.935000000e-07 3.686396832e+00 9.215992208e-01 0.000000000e+00
 9.575625000e-07 3.686396832e+00 9.215992208e-01 0.000000000e+00
 1.121625000e-06 3.686396832e+00 9.215992208e-01 0.000000000e+00
 1.285687500e-06 3.686396832e+00 9.215992208e-01 0.000000000e+00
 1.449750000e-06 3.686396832e+00 9.215992208e-01 0.000000000e+00
 1.618500000e-06 3.686396832e+00 9.215992208e-01 0.000000000e+00
 1.782562500e-06 3.686396832e+00 9.215992208e-01 0.000000000e+00
 1.946625000e-06 3.686396832e+00 9.215992208e-01 0.000000000e+00
 2.110687500e-06 3.686396832e+00 9.215992208e-01 0.000000000e+00
 2.274750000e-06 3.686396832e+00 9.215992208e-01 0.000000000e+00
 2.443500000e-06 3.686396832e+00 9.215992208e-01 0.000000000e+00
 2.607562500e-06 3.686396832e+00 9.215992208e-01 0.000000000e+00
 2.771625000e-06 3.686396832e+00 9.215992208e-01 0.000000000e+00
 2.935687500e-06 3.686396832e+00 9.215992208e-01 0.000000000e+00
 3.104437500e-06 3.686396832e+00 9.215992208e-01 0.000000000e+00
 3.268500000e-06 3.686396832e+00 9.215992208e-01 0.000000000e+00
 3.432562500e-06 3.686396832e+00 9.215992208e-01 0.000000000e+00
 3.596625000e-06 3.686396832e+00 9.215992208e-01 0.000000000e+00
 3.760687500e-06 3.686396832e+00 9.215992208e-01 0.000000000e+00
 3.929437500e-06 3.686396832e+00 9.215992208e-01 0.000000000e+00
 4.093500000e-06 3.686396832e+00 9.215992208e-01 0.000000000e+00
 4.257562500e-06 3.686396832e+00 9.215992208e-01 0.000000000e+00
 4.421625000e-06 3.686396832e+00 9.215992208e-01 0.000000000e+00
 4.585687500e-06 3.686396832e+00 9.215992208e-01 0.000000000e+00
 4.754437500e-06 3.686396832e+00 9.215992208e-01 0.000000000e+00
 4.918500000e-06 3.686396832e+00 9.215992208e-01 0.000000000e+00
 5.082562500e-06 3.686396832e+00 9.215992208e-01 0.000000000e+00
 5.246625000e-06 3.686396832e+00 9.215992208e-01 0.000000000e+00
 5.410687500e-06 3.686396832e+00 9.215992208e-01 0.000000000e+00
 5.579437500e-06 3.686396832e+00 9.215992208e-01 0.000000000e+00
 5.743500000e-06 3.686396832e+00 9.215992208e-01 0.000000000e+00
 5.907562500e-06 3.686396832e+00 9.215992208e-01 0.000000000e+00
 6.071625000e-06 3.686396832e+00 9.215992208e-01 0.000000000e+00
 6.240375000e-06 3.686396832e+00 9.215992208e-01 0.000000000e+00
 6.404437500e-06 3.686396832e+00 9.215992208e-01 0.000000000e+00
 6.562600000e-06 3.686396832e+00 9.215992208e-01 0.000000000e+00
 6.563153219e-06 3.686396832e+00 -9.000372483e-02 0.000000000e+00
 6.563414678e-06 3.686396832e+00 -1.684339192e-03 0.000000000e+00
 6.619344870e-06 3.686396832e+00 1.609238489e-08 0.000000000e+00
 6.624032370e-06 3.686396832e+00 -1.581275490e-08 0.000000000e+00
 6.783407370e-06 3.686396832e+00 -8.849427375e-09 0.000000000e+00
 6.788094870e-06 3.686396832e+00 8.706985446e-09 0.000000000e+00
 6.952157370e-06 3.686396832e+00 -4.785470209e-09 0.000000000e+00
 6.956844870e-06 3.686396832e+00 4.711799634e-09 0.000000000e+00
 7.074032370e-06 3.686396832e+00 -3.069178193e-09 0.000000000e+00
 7.116219870e-06 3.686396832e+00 2.639011331e-09 0.000000000e+00
 7.120907370e-06 3.686396832e+00 -2.587042875e-09 0.000000000e+00
 7.280282370e-06 3.686396832e+00 -1.446451505e-09 0.000000000e+00
 7.284969870e-06 3.686396832e+00 1.429284683e-09 0.000000000e+00
 7.444344870e-06 3.686396832e+00 8.016524867e-10 0.000000000e+00
 7.449032370e-06 3.686396832e+00 -7.807763007e-10 0.000000000e+00
 7.608407370e-06 3.686396832e+00 -4.354096918e-10 0.000000000e+00
 7.613094870e-06 3.686396832e+00 4.353519858e-10 0.000000000e+00
 7.777157370e-06 3.686396832e+00 -2.338458419e-10 0.000000000e+00
 7.875671250e-06 3.686396832e+00 1.137216469e-08 0.000000000e+00
 7.880358750e-06 3.686396832e+00 1.223616393e-08 0.000000000e+00
 8.039733750e-06 3.686396832e+00 4.161213776e-08 0.000000000e+00
 8.044421250e-06 3.686396832e+00 4.247613698e-08 0.000000000e+00
 8.203796250e-06 3.686396832e+00 7.185210984e-08 0.000000000e+00
 8.208483750e-06 3.686396832e+00 7.271610903e-08 0.000000000e+00
 8.372546250e-06 3.686396832e+00 1.029560801e-07 0.000000000e+00
 8.377233750e-06 3.686396832e+00 1.038200792e-07 0.000000000e+00
 8.536608750e-06 3.686396832e+00 1.331960502e-07 0.000000000e+00
 8.541296250e-06 3.686396832e+00 1.340600493e-07 0.000000000e+00
 8.700671250e-06 3.686396832e+00 1.634360192e-07 0.000000000e+00
 8.705358750e-06 3.686396832e+00 1.643000183e-07 0.000000000e+00
 8.864733750e-06 3.686396832e+00 1.936759873e-07 0.000000000e+00
 8.869421250e-06 3.686396832e+00 1.945399864e-07 0.000000000e+00
 9.028796250e-06 3.686396832e+00 2.239159544e-07 0.000000000e+00
 9.033483750e-06 3.686396832e+00 2.247799535e-07 0.000000000e+00
 9.063500000e-06 3.685469240e+00 9.446742706e-02 1.000000000e+00
 9.107429139e-06 3.659632704e+00 3.247238057e+00 1.000000000e+00
 9.121491639e-06 3.660336392e+00 3.441397591e+00 1.000000000e+00
 9.126179139e-06 3.660848660e+00 3.481215996e+00 1.000000000e+00
 9.285554139e-06 3.685861433e+00 3.662747212e+00 1.000000000e+00
 9.290241639e-06 3.686389873e+00 3.663682093e+00 1.000000000e+00
 9.449616639e-06 3.695763491e+00 3.686203899e+00 1.000000000e+00
 9.454304139e-06 3.695830525e+00 3.686609748e+00 1.000000000e+00
 9.491804139e-06 3.696061381e+00 3.689387955e+00 1.000000000e+00
 9.613679139e-06 3.694228711e+00 3.693596261e+00 1.000000000e+00
 9.618366639e-06 3.694111110e+00 3.693641478e+00 1.000000000e+00
 9.651179139e-06 3.693243482e+00 3.693778242e+00 1.000000000e+00
 9.777741639e-06 3.689789564e+00 3.692292875e+00 1.000000000e+00
 9.782429139e-06 3.689672597e+00 3.692201601e+00 1.000000000e+00
 9.946491639e-06 3.686611857e+00 3.688812346e+00 1.000000000e+00
 9.951179139e-06 3.686555874e+00 3.688725063e+00 1.000000000e+00
 1.000200000e-05 3.686054026e+00 3.687862914e+00 0.000000000e+00
 1.004910875e-05 3.685740564e+00 3.687862888e+00 0.000000000e+00
 1.005379625e-05 3.685716945e+00 3.687862885e+00 0.000000000e+00
 1.016160875e-05 3.685475347e+00 3.687862825e+00 0.000000000e+00
 1.021317125e-05 3.685510854e+00 3.687862797e+00 0.000000000e+00
 1.021785875e-05 3.685517317e+00 3.687862794e+00 0.000000000e+00
 1.037723375e-05 3.685892291e+00 3.687862706e+00 0.000000000e+00
 1.038192125e-05 3.685904909e+00 3.687862704e+00 0.000000000e+00
 1.054129625e-05 3.686270558e+00 3.687862615e+00 0.000000000e+00
 1.054598375e-05 3.686278649e+00 3.687862613e+00 0.000000000e+00
 1.071004625e-05 3.686456668e+00 3.687862522e+00 0.000000000e+00
 1.071473375e-05 3.686459067e+00 3.687862519e+00 0.000000000e+00
 1.082723375e-05 3.686484763e+00 3.687862457e+00 0.000000000e+00
 1.087410875e-05 3.686482057e+00 3.687862431e+00 0.000000000e+00
 1.087879625e-05 3.686481495e+00 3.687862429e+00 0.000000000e+00
 1.103817125e-05 3.686446506e+00 3.687862341e+00 0.000000000e+00
 1.104285875e-05 3.686445302e+00 3.687862338e+00 0.000000000e+00
 1.120223375e-05 3.686410020e+00 3.687862250e+00 0.000000000e+00
 1.120692125e-05 3.686409231e+00 3.687862247e+00 0.000000000e+00
 1.137098375e-05 3.686391669e+00 3.687862156e+00 0.000000000e+00
 1.137567125e-05 3.686391426e+00 3.687862154e+00 0.000000000e+00
 1.149754625e-05 3.686388712e+00 3.687862086e+00 0.000000000e+00
 1.153504625e-05 3.686388913e+00 3.687862066e+00 0.000000000e+00
 1.153973375e-05 3.686388961e+00 3.687862063e+00 0.000000000e+00
 1.169910875e-05 3.686392218e+00 3.687861975e+00 0.000000000e+00
 1.170379625e-05 3.686392333e+00 3.687861972e+00 0.000000000e+00
 1.186317125e-05 3.686395734e+00 3.687861884e+00 0.000000000e+00
 1.186785875e-05 3.686395811e+00 3.687861881e+00 0.000000000e+00
 1.202723375e-05 3.686397516e+00 3.687861793e+00 0.000000000e+00
 1.203192125e-05 3.686397541e+00 3.687861791e+00 0.000000000e+00
 1.216317125e-05 3.686397851e+00 3.687861718e+00 0.000000000e+00
 1.219598375e-05 3.686397836e+00 3.687861700e+00 0.000000000e+00
 1.220067125e-05 3.686397832e+00 3.687861697e+00 0.000000000e+00
 1.236004625e-05 3.686397529e+00 3.687861609e+00 0.000000000e+00
 1.236473375e-05 3.686397518e+00 3.687861607e+00 0.000000000e+00
 1.252410875e-05 3.686397190e+00 3.687861519e+00 0.000000000e+00
 1.252879625e-05 3.686397182e+00 3.687861516e+00 0.000000000e+00
 1.268817125e-05 3.686397014e+00 3.687861428e+00 0.000000000e+00
 1.269285875e-05 3.686397011e+00 3.687861425e+00 0.000000000e+00
 1.282410875e-05 3.686396978e+00 3.687861353e+00 0.000000000e+00
 1.285223375e-05 3.686396979e+00 3.687861337e+00 0.000000000e+00
 1.285692125e-05 3.686396979e+00 3.687861334e+00 0.000000000e+00
 1.302098375e-05 3.686397007e+00 3.687861244e+00 0.000000000e+00
 1.302567125e-05 3.686397008e+00 3.687861241e+00 0.000000000e+00
 1.318504625e-05 3.686397039e+00 3.687861153e+00 0.000000000e+00
 1.318973375e-05 3.686397040e+00 3.687861150e+00 0.000000000e+00
 1.334910875e-05 3.686397056e+00 3.687861062e+00 0.000000000e+00
 1.335379625e-05 3.686397056e+00 3.687861059e+00 0.000000000e+00
 1.347567125e-05 3.686397059e+00 3.687860992e+00 0.000000000e+00
 1.351317125e-05 3.686397059e+00 3.687860971e+00 0.000000000e+00
 1.351785875e-05 3.686397059e+00 3.687860969e+00 0.000000000e+00
 1.368192125e-05 3.686397056e+00 3.687860878e+00 0.000000000e+00
 1.368660875e-05 3.686397056e+00 3.687860875e+00 0.000000000e+00
 1.384598375e-05 3.686397052e+00 3.687860787e+00 0.000000000e+00
 1.385067125e-05 3.686397052e+00 3.687860785e+00 0.000000000e+00
 1.401004625e-05 3.686397050e+00 3.687860696e+00 0.000000000e+00
 1.401473375e-05 3.686397050e+00 3.687860694e+00 0.000000000e+00
 1.416942125e-05 3.686397049e+00 3.687860608e+00 0.000000000e+00
 1.417410875e-05 3.686397049e+00 3.687860606e+00 0.000000000e+00
 1.417879625e-05 3.686397049e+00 3.687860603e+00 0.000000000e+00
 1.431942125e-05 3.686397049e+00 3.687860525e+00 0.000000000e+00
 1.433817125e-05 3.686397049e+00 3.687860515e+00 0.000000000e+00
 1.434285875e-05 3.686397049e+00 3.687860512e+00 0.000000000e+00
 1.446473375e-05 3.686397048e+00 3.687860445e+00 0.000000000e+00
 1.450692125e-05 3.686397048e+00 3.687860421e+00 0.000000000e+00
 1.451160875e-05 3.686397048e+00 3.687860419e+00 0.000000000e+00
 1.465692125e-05 3.686397048e+00 3.687860339e+00 0.000000000e+00
 1.467098375e-05 3.686397048e+00 3.687860331e+00 0.000000000e+00
 1.467567125e-05 3.686397048e+00 3.687860328e+00 0.000000000e+00
 1.482567125e-05 3.686397047e+00 3.687860245e+00 0.000000000e+00
 1.483504625e-05 3.686397047e+00 3.687860240e+00 0.000000000e+00
 1.483973375e-05 3.686397047e+00 3.687860237e+00 0.000000000e+00
 1.497567125e-05 3.686397047e+00 3.687860162e+00 0.000000000e+00
 1.499910875e-05 3.686397047e+00 3.687860149e+00 0.000000000e+00
 1.500379625e-05 3.686397047e+00 3.687860147e+00 0.000000000e+00
 1.514910875e-05 3.686397046e+00 3.687860066e+00 0.000000000e+00
 1.516317125e-05 3.686397046e+00 3.687860058e+00 0.000000000e+00
 1.516785875e-05 3.686397046e+00 3.687860056e+00 0.000000000e+00
 1.532723375e-05 3.686397046e+00 3.687859968e+00 0.000000000e+00
 1.533192125e-05 3.686397046e+00 3.687859965e+00 0.000000000e+00
 1.533660875e-05 3.686397046e+00 3.687859962e+00 0.000000000e+00
 1.548192125e-05 3.686397045e+00 3.687859882e+00 0.000000000e+00
 1.549598375e-05 3.686397045e+00 3.687859874e+00 0.000000000e+00
 1.550067125e-05 3.686397045e+00 3.687859872e+00 0.000000000e+00
 1.563660875e-05 3.686397045e+00 3.687859797e+00 0.000000000e+00
 1.566004625e-05 3.686397045e+00 3.687859783e+00 0.000000000e+00
 1.566473375e-05 3.686397045e+00 3.687859781e+00 0.000000000e+00
 1.582410875e-05 3.686397044e+00 3.687859693e+00 0.000000000e+00
 1.582879625e-05 3.686397044e+00 3.687859690e+00 0.000000000e+00
 1.597879625e-05 3.686397044e+00 3.687859607e+00 0.000000000e+00
 1.598817125e-05 3.686397044e+00 3.687859602e+00 0.000000000e+00
 1.599285875e-05 3.686397044e+00 3.687859599e+00 0.000000000e+00
 1.613817125e-05 3.686397043e+00 3.687859519e+00 0.000000000e+00
 1.615692125e-05 3.686397043e+00 3.687859509e+00 0.000000000e+00
 1.616160875e-05 3.686397043e+00 3.687859506e+00 0.000000000e+00
 1.629285875e-05 3.686397043e+00 3.687859433e+00 0.000000000e+00
 1.632098375e-05 3.686397043e+00 3.687859418e+00 0.000000000e+00
 1.632567125e-05 3.686397043e+00 3.687859415e+00 0.000000000e+00
 1.648035875e-05 3.686397042e+00 3.687859330e+00 0.000000000e+00
 1.648504625e-05 3.686397042e+00 3.687859327e+00 0.000000000e+00
 1.648973375e-05 3.686397042e+00 3.687859325e+00 0.000000000e+00
 1.656310309e-05 3.686397042e+00 -3.952363407e-01 0.000000000e+00
 1.656317524e-05 3.686397042e+00 1.882837614e-02 0.000000000e+00
 1.656333439e-05 3.686397042e+00 3.099419450e-06 0.000000000e+00
 1.656337443e-05 3.686397042e+00 -1.256247929e-09 0.000000000e+00
 1.666325918e-05 3.686397041e+00 3.788420348e-12 0.000000000e+00
 1.668200918e-05 3.686397041e+00 3.781687811e-12 0.000000000e+00
 1.668669668e-05 3.686397041e+00 3.592718792e-12 0.000000000e+00
 1.684138418e-05 3.686397041e+00 3.739735207e-12 0.000000000e+00
 1.684607168e-05 3.686397041e+00 3.633961462e-12 0.000000000e+00
 1.685075918e-05 3.686397041e+00 3.737945276e-12 0.000000000e+00
 1.698669668e-05 3.686397040e+00 3.654973006e-12 0.000000000e+00
 1.701013418e-05 3.686397040e+00 3.715250708e-12 0.000000000e+00
 1.701482168e-05 3.686397040e+00 3.658031627e-12 0.000000000e+00
 1.716950918e-05 3.686397040e+00 3.702547623e-12 0.000000000e+00
 1.717419668e-05 3.686397040e+00 3.670519746e-12 0.000000000e+00
 1.717888418e-05 3.686397040e+00 3.702005638e-12 0.000000000e+00
 1.730544668e-05 3.686397040e+00 3.676551563e-12 0.000000000e+00
 1.733825918e-05 3.686397039e+00 3.695133812e-12 0.000000000e+00
 1.734294668e-05 3.686397039e+00 3.677808098e-12 0.000000000e+00
 1.749763418e-05 3.686397039e+00 3.691287367e-12 0.000000000e+00
 1.750700918e-05 3.686397039e+00 3.691123256e-12 0.000000000e+00
 1.751169668e-05 3.686397039e+00 3.681750785e-12 0.000000000e+00
 1.765232168e-05 3.686397038e+00 3.683612589e-12 0.000000000e+00
 1.767107168e-05 3.686397038e+00 3.683796335e-12 0.000000000e+00
 1.767575918e-05 3.686397038e+00 3.688953717e-12 0.000000000e+00
 1.781025459e-05 3.686397038e+00 3.684850240e-12 0.000000000e+00
 1.781393750e-05 3.686397038e+00 3.686390089e-12 0.000000000e+00
 1.790848375e-05 3.686397038e+00 1.742150901e-08 0.000000000e+00
 1.793192125e-05 3.686397038e+00 2.174150544e-08 0.000000000e+00
 1.793660875e-05 3.686397037e+00 2.260550472e-08 0.000000000e+00
 1.806785875e-05 3.686397037e+00 4.679748431e-08 0.000000000e+00
 1.809598375e-05 3.686397037e+00 5.198147986e-08 0.000000000e+00
 1.810067125e-05 3.686397037e+00 5.284547912e-08 0.000000000e+00
 1.826004625e-05 3.686397036e+00 8.222145329e-08 0.000000000e+00
 1.826473375e-05 3.686397036e+00 8.308545251e-08 0.000000000e+00
 1.826942125e-05 3.686397036e+00 8.394945174e-08 0.000000000e+00
 1.841942125e-05 3.686397036e+00 1.115974265e-07 0.000000000e+00
 1.842879625e-05 3.686397036e+00 1.133254249e-07 0.000000000e+00
 1.843348375e-05 3.686397036e+00 1.141894241e-07 0.000000000e+00
 1.858348375e-05 3.686397036e+00 1.418373980e-07 0.000000000e+00
 1.859285875e-05 3.686397036e+00 1.435653963e-07 0.000000000e+00
 1.859754625e-05 3.686397036e+00 1.444293955e-07 0.000000000e+00
 1.874285875e-05 3.686397035e+00 1.712133693e-07 0.000000000e+00
 1.875692125e-05 3.686397035e+00 1.738053667e-07 0.000000000e+00
 1.876160875e-05 3.686397035e+00 1.746693659e-07 0.000000000e+00
 1.890692125e-05 3.686397035e+00 2.014533388e-07 0.000000000e+00
 1.892567125e-05 3.686397035e+00 2.049093352e-07 0.000000000e+00
 1.893035875e-05 3.686397035e+00 2.057733344e-07 0.000000000e+00
 1.906302270e-05 3.686320088e+00 7.827816658e-03 5.227042699e-01
 1.906310309e-05 3.686175229e+00 2.256718017e-02 6.030884358e-01
 1.906350000e-05 3.685469442e+00 9.446743225e-02 1.000000000e+00
 1.910742914e-05 3.659632904e+00 3.247238235e+00 1.000000000e+00
 1.917774164e-05 3.669477228e+00 3.627369879e+00 1.000000000e+00
 1.918242914e-05 3.670324718e+00 3.630781563e+00 1.000000000e+00
 1.934180414e-05 3.691159250e+00 3.672899719e+00 1.000000000e+00
 1.934649164e-05 3.691501516e+00 3.673643685e+00 1.000000000e+00
 1.949180414e-05 3.696061582e+00 3.689388156e+00 1.000000000e+00
 1.950586664e-05 3.696023989e+00 3.690226261e+00 1.000000000e+00
 1.951055414e-05 3.695998277e+00 3.690482357e+00 1.000000000e+00
 1.965117914e-05 3.693243683e+00 3.693778444e+00 1.000000000e+00
 1.967461664e-05 3.692593812e+00 3.693707679e+00 1.000000000e+00
 1.967930414e-05 3.692462414e+00 3.693679012e+00 1.000000000e+00
 1.983867914e-05 3.688386010e+00 3.691033095e+00 1.000000000e+00
 1.984336664e-05 3.688289382e+00 3.690932506e+00 1.000000000e+00
 2.000100000e-05 3.686062398e+00 3.687870746e+00 1.000000000e+00
 2.000110000e-05 3.686061586e+00 3.687869175e+00 9.000000000e-01
 2.000205000e-05 3.686053802e+00 3.687864462e+00 0.000000000e+00
 2.011616250e-05 3.685514565e+00 3.687864399e+00 0.000000000e+00
 2.012085000e-05 3.685506820e+00 3.687864396e+00 0.000000000e+00
 2.016303750e-05 3.685475511e+00 3.687864373e+00 0.000000000e+00
 2.028022500e-05 3.685638858e+00 3.687864308e+00 0.000000000e+00
 2.028491250e-05 3.685649988e+00 3.687864306e+00 0.000000000e+00
 2.044897500e-05 3.686077546e+00 3.687864215e+00 0.000000000e+00
 2.045366250e-05 3.686088781e+00 3.687864212e+00 0.000000000e+00
 2.061303750e-05 3.686375546e+00 3.687864124e+00 0.000000000e+00
 2.061772500e-05 3.686380998e+00 3.687864122e+00 0.000000000e+00
 2.077710000e-05 3.686480259e+00 3.687864033e+00 0.000000000e+00
 2.078178750e-05 3.686481104e+00 3.687864031e+00 0.000000000e+00
 2.082866250e-05 3.686484967e+00 3.687864005e+00 0.000000000e+00
 2.094116250e-05 3.686470644e+00 3.687863943e+00 0.000000000e+00
 2.094585000e-05 3.686469609e+00 3.687863940e+00 0.000000000e+00
 2.110522500e-05 3.686430044e+00 3.687863852e+00 0.000000000e+00
 2.110991250e-05 3.686428949e+00 3.687863849e+00 0.000000000e+00
 2.127397500e-05 3.686399948e+00 3.687863758e+00 0.000000000e+00
 2.127866250e-05 3.686399411e+00 3.687863756e+00 0.000000000e+00
 2.143803750e-05 3.686389460e+00 3.687863668e+00 0.000000000e+00
 2.144272500e-05 3.686389369e+00 3.687863665e+00 0.000000000e+00
 2.149428750e-05 3.686388907e+00 3.687863637e+00 0.000000000e+00
 2.160210000e-05 3.686390156e+00 3.687863577e+00 0.000000000e+00
 2.160678750e-05 3.686390252e+00 3.687863574e+00 0.000000000e+00
 2.176616250e-05 3.686394008e+00 3.687863486e+00 0.000000000e+00
 2.177085000e-05 3.686394114e+00 3.687863484e+00 0.000000000e+00
 2.193491250e-05 3.686396933e+00 3.687863393e+00 0.000000000e+00
 2.193960000e-05 3.686396986e+00 3.687863390e+00 0.000000000e+00
 2.209897500e-05 3.686397980e+00 3.687863302e+00 0.000000000e+00
 2.210366250e-05 3.686397990e+00 3.687863299e+00 0.000000000e+00
 2.215991250e-05 3.686398044e+00 3.687863268e+00 0.000000000e+00
 2.226303750e-05 3.686397934e+00 3.687863211e+00 0.000000000e+00
 2.226772500e-05 3.686397926e+00 3.687863209e+00 0.000000000e+00
 2.242710000e-05 3.686397568e+00 3.687863120e+00 0.000000000e+00
 2.243178750e-05 3.686397558e+00 3.687863118e+00 0.000000000e+00
 2.259116250e-05 3.686397288e+00 3.687863030e+00 0.000000000e+00
 2.259585000e-05 3.686397283e+00 3.687863027e+00 0.000000000e+00
 2.275991250e-05 3.686397177e+00 3.687862936e+00 0.000000000e+00
 2.276460000e-05 3.686397176e+00 3.687862934e+00 0.000000000e+00
 2.282553750e-05 3.686397170e+00 3.687862900e+00 0.000000000e+00
 2.292397500e-05 3.686397178e+00 3.687862846e+00 0.000000000e+00
 2.292866250e-05 3.686397179e+00 3.687862843e+00 0.000000000e+00
 2.308803750e-05 3.686397212e+00 3.687862755e+00 0.000000000e+00
 2.309272500e-05 3.686397213e+00 3.687862752e+00 0.000000000e+00
 2.325210000e-05 3.686397238e+00 3.687862664e+00 0.000000000e+00
 2.325678750e-05 3.686397238e+00 3.687862662e+00 0.000000000e+00
 2.341616250e-05 3.686397248e+00 3.687862573e+00 0.000000000e+00
 2.342085000e-05 3.686397248e+00 3.687862571e+00 0.000000000e+00
 2.346303750e-05 3.686397248e+00 3.687862547e+00 0.000000000e+00
 2.358491250e-05 3.686397247e+00 3.687862480e+00 0.000000000e+00
 2.358960000e-05 3.686397247e+00 3.687862477e+00 0.000000000e+00
 2.374897500e-05 3.686397242e+00 3.687862389e+00 0.000000000e+00
 2.375366250e-05 3.686397242e+00 3.687862387e+00 0.000000000e+00
 2.391303750e-05 3.686397239e+00 3.687862298e+00 0.000000000e+00
 2.391772500e-05 3.686397239e+00 3.687862296e+00 0.000000000e+00
 2.407710000e-05 3.686397237e+00 3.687862208e+00 0.000000000e+00
 2.408178750e-05 3.686397237e+00 3.687862205e+00 0.000000000e+00
 2.424585000e-05 3.686397236e+00 3.687862114e+00 0.000000000e+00
 2.425053750e-05 3.686397236e+00 3.687862112e+00 0.000000000e+00
 2.440991250e-05 3.686397235e+00 3.687862024e+00 0.000000000e+00
 2.441460000e-05 3.686397235e+00 3.687862021e+00 0.000000000e+00
 2.456460000e-05 3.686397234e+00 3.687861938e+00 0.000000000e+00
 2.457397500e-05 3.686397234e+00 3.687861933e+00 0.000000000e+00
 2.457866250e-05 3.686397234e+00 3.687861930e+00 0.000000000e+00
 2.472866250e-05 3.686397233e+00 3.687861847e+00 0.000000000e+00
 2.473803750e-05 3.686397233e+00 3.687861842e+00 0.000000000e+00
 2.474272500e-05 3.686397233e+00 3.687861839e+00 0.000000000e+00
 2.489741250e-05 3.686397232e+00 3.687861754e+00 0.000000000e+00
 2.490210000e-05 3.686397232e+00 3.687861751e+00 0.000000000e+00
 2.490678750e-05 3.686397232e+00 3.687861749e+00 0.000000000e+00
 2.507085000e-05 3.686397231e+00 3.687861658e+00 0.000000000e+00
 2.507553750e-05 3.686397231e+00 3.687861655e+00 0.000000000e+00
 2.523022500e-05 3.686397230e+00 3.687861570e+00 0.000000000e+00
 2.523491250e-05 3.686397230e+00 3.687861567e+00 0.000000000e+00
 2.523960000e-05 3.686397230e+00 3.687861564e+00 0.000000000e+00
 2.539428750e-05 3.686397229e+00 3.687861479e+00 0.000000000e+00
 2.539897500e-05 3.686397229e+00 3.687861476e+00 0.000000000e+00
 2.540366250e-05 3.686397229e+00 3.687861474e+00 0.000000000e+00
 2.555835000e-05 3.686397228e+00 3.687861388e+00 0.000000000e+00
 2.556303750e-05 3.686397228e+00 3.687861386e+00 0.000000000e+00
 2.556772500e-05 3.686397228e+00 3.687861383e+00 0.000000000e+00
 2.572710000e-05 3.686397227e+00 3.687861295e+00 0.000000000e+00
 2.573178750e-05 3.686397227e+00 3.687861292e+00 0.000000000e+00
 2.589116250e-05 3.686397226e+00 3.687861204e+00 0.000000000e+00
 2.589585000e-05 3.686397226e+00 3.687861201e+00 0.000000000e+00
 2.590053750e-05 3.686397226e+00 3.687861199e+00 0.000000000e+00
 2.605991250e-05 3.686397225e+00 3.687861111e+00 0.000000000e+00
 2.606460000e-05 3.686397225e+00 3.687861108e+00 0.000000000e+00
 2.622397500e-05 3.686397224e+00 3.687861020e+00 0.000000000e+00
 2.622866250e-05 3.686397224e+00 3.687861017e+00 0.000000000e+00
 2.637397500e-05 3.686397223e+00 3.687860937e+00 0.000000000e+00
 2.638803750e-05 3.686397223e+00 3.687860929e+00 0.000000000e+00
 2.639272500e-05 3.686397223e+00 3.687860926e+00 0.000000000e+00
 2.654272500e-05 3.686397222e+00 3.687860844e+00 0.000000000e+00
 2.655210000e-05 3.686397222e+00 3.687860838e+00 0.000000000e+00
 2.655678750e-05 3.686397222e+00 3.687860836e+00 0.000000000e+00
 2.656315322e-05 3.686397222e+00 -3.601578686e-01 0.000000000e+00
 2.656351240e-05 3.686397222e+00 -4.369171315e-05 0.000000000e+00
 2.659983002e-05 3.686397222e+00 -3.307079006e-08 0.000000000e+00
 2.660451752e-05 3.686397222e+00 3.251846785e-08 0.000000000e+00
 2.674983002e-05 3.686397221e+00 -1.915230035e-08 0.000000000e+00
 2.676389252e-05 3.686397221e+00 1.820354906e-08 0.000000000e+00
 2.676858002e-05 3.686397221e+00 -1.788819340e-08 0.000000000e+00
 2.692326752e-05 3.686397220e+00 1.019089929e-08 0.000000000e+00
 2.692795502e-05 3.686397220e+00 -1.001113580e-08 0.000000000e+00
 2.693264252e-05 3.686397220e+00 9.849035135e-09 0.000000000e+00
 2.707326752e-05 3.686397219e+00 5.903889097e-09 0.000000000e+00
 2.709201752e-05 3.686397219e+00 5.514533676e-09 0.000000000e+00
 2.709670502e-05 3.686397219e+00 -5.413904873e-09 0.000000000e+00
 2.725139252e-05 3.686397218e+00 3.088334645e-09 0.000000000e+00
 2.726076752e-05 3.686397218e+00 2.984819514e-09 0.000000000e+00
 2.726545502e-05 3.686397218e+00 -2.926999200e-09 0.000000000e+00
 2.742014252e-05 3.686397217e+00 1.672349414e-09 0.000000000e+00
 2.742483002e-05 3.686397217e+00 -1.636739064e-09 0.000000000e+00
 2.742951752e-05 3.686397217e+00 1.616352147e-09 0.000000000e+00
 2.757483002e-05 3.686397216e+00 -9.464108311e-10 0.000000000e+00
 2.758889252e-05 3.686397216e+00 9.063618530e-10 0.000000000e+00
 2.759358002e-05 3.686397216e+00 -8.837137468e-10 0.000000000e+00
 2.774358002e-05 3.686397215e+00 -5.102756431e-10 0.000000000e+00
 2.775295502e-05 3.686397215e+00 -4.930280208e-10 0.000000000e+00
 2.784285875e-05 3.686397215e+00 5.328117103e-09 0.000000000e+00
 2.785223375e-05 3.686397215e+00 7.056115783e-09 0.000000000e+00
 2.785692125e-05 3.686397215e+00 7.920115121e-09 0.000000000e+00
 2.801629625e-05 3.686397214e+00 3.729609214e-08 0.000000000e+00
 2.802098375e-05 3.686397214e+00 3.816009145e-08 0.000000000e+00
 2.802567125e-05 3.686397214e+00 3.902409076e-08 0.000000000e+00
 2.818504625e-05 3.686397213e+00 6.840006678e-08 0.000000000e+00
 2.818973375e-05 3.686397213e+00 6.926406606e-08 0.000000000e+00
 2.833973375e-05 3.686397212e+00 9.691204260e-08 0.000000000e+00
 2.834910875e-05 3.686397212e+00 9.864004111e-08 0.000000000e+00
 2.835379625e-05 3.686397212e+00 9.950404036e-08 0.000000000e+00
 2.851317125e-05 3.686397211e+00 1.288800144e-07 0.000000000e+00
 2.851785875e-05 3.686397211e+00 1.297440137e-07 0.000000000e+00
 2.866785875e-05 3.686397210e+00 1.573919884e-07 0.000000000e+00
 2.867723375e-05 3.686397210e+00 1.591199868e-07 0.000000000e+00
 2.868192125e-05 3.686397210e+00 1.599839860e-07 0.000000000e+00
 2.884129625e-05 3.686397209e+00 1.893599581e-07 0.000000000e+00
 2.884598375e-05 3.686397209e+00 1.902239573e-07 0.000000000e+00
 2.885067125e-05 3.686397209e+00 1.910879564e-07 0.000000000e+00
 2.899598375e-05 3.686397208e+00 2.178719301e-07 0.000000000e+00
 2.901004625e-05 3.686397208e+00 2.204639276e-07 0.000000000e+00
 2.901473375e-05 3.686397208e+00 2.213279267e-07 0.000000000e+00
 2.906350000e-05 3.685329463e+00 1.087664501e-01 1.000000000e+00
 2.911034340e-05 3.659646440e+00 3.300794958e+00 1.000000000e+00
 2.911971840e-05 3.660178439e+00 3.424611288e+00 1.000000000e+00
 2.912440590e-05 3.660652086e+00 3.467907859e+00 1.000000000e+00
 2.928378090e-05 3.685666946e+00 3.662405679e+00 1.000000000e+00
 2.928846840e-05 3.686201239e+00 3.663346751e+00 1.000000000e+00
 2.945253090e-05 3.695807745e+00 3.686465079e+00 1.000000000e+00
 2.945721840e-05 3.695868968e+00 3.686862360e+00 1.000000000e+00
 2.949003090e-05 3.696062079e+00 3.689280195e+00 1.000000000e+00
 2.961659340e-05 3.694154187e+00 3.693626315e+00 1.000000000e+00
 2.962128090e-05 3.694035371e+00 3.693667166e+00 1.000000000e+00
 2.964940590e-05 3.693290104e+00 3.693778683e+00 1.000000000e+00
 2.978065590e-05 3.689715063e+00 3.692235102e+00 1.000000000e+00
 2.978534340e-05 3.689598966e+00 3.692142969e+00 1.000000000e+00
 2.994471840e-05 3.686632868e+00 3.688844511e+00 1.000000000e+00
 2.994940590e-05 3.686576270e+00 3.688756836e+00 1.000000000e+00
 3.000200000e-05 3.686053752e+00 3.687862029e+00 0.000000000e+00
 3.004442125e-05 3.685765425e+00 3.687862005e+00 0.000000000e+00
 3.004910875e-05 3.685740529e+00 3.687862003e+00 0.000000000e+00
 3.016160875e-05 3.685475715e+00 3.687861940e+00 0.000000000e+00
 3.021317125e-05 3.685511330e+00 3.687861912e+00 0.000000000e+00
 3.021785875e-05 3.685517800e+00 3.687861909e+00 0.000000000e+00
 3.037723375e-05 3.685892872e+00 3.687861821e+00 0.000000000e+00
 3.038192125e-05 3.685905489e+00 3.687861818e+00 0.000000000e+00
 3.054129625e-05 3.686271063e+00 3.687861730e+00 0.000000000e+00
 3.054598375e-05 3.686279150e+00 3.687861728e+00 0.000000000e+00
 3.070535875e-05 3.686454552e+00 3.687861639e+00 0.000000000e+00
 3.071004625e-05 3.686457075e+00 3.687861637e+00 0.000000000e+00
 3.082723375e-05 3.686485129e+00 3.687861572e+00 0.000000000e+00
 3.086942125e-05 3.686482929e+00 3.687861549e+00 0.000000000e+00
 3.087410875e-05 3.686482413e+00 3.687861546e+00 0.000000000e+00
 3.103817125e-05 3.686446851e+00 3.687861455e+00 0.000000000e+00
 3.104285875e-05 3.686445646e+00 3.687861453e+00 0.000000000e+00
 3.120223375e-05 3.686410370e+00 3.687861364e+00 0.000000000e+00
 3.120692125e-05 3.686409581e+00 3.687861362e+00 0.000000000e+00
 3.136629625e-05 3.686392282e+00 3.687861274e+00 0.000000000e+00
 3.137098375e-05 3.686392027e+00 3.687861271e+00 0.000000000e+00
 3.149754625e-05 3.686389074e+00 3.687861201e+00 0.000000000e+00
 3.153035875e-05 3.686389232e+00 3.687861183e+00 0.000000000e+00
 3.153504625e-05 3.686389275e+00 3.687861180e+00 0.000000000e+00
 3.169442125e-05 3.686392466e+00 3.687861092e+00 0.000000000e+00
 3.169910875e-05 3.686392581e+00 3.687861090e+00 0.000000000e+00
 3.186317125e-05 3.686396095e+00 3.687860999e+00 0.000000000e+00
 3.186785875e-05 3.686396172e+00 3.687860996e+00 0.000000000e+00
 3.202723375e-05 3.686397875e+00 3.687860908e+00 0.000000000e+00
 3.203192125e-05 3.686397901e+00 3.687860906e+00 0.000000000e+00
 3.216317125e-05 3.686398209e+00 3.687860833e+00 0.000000000e+00
 3.219129625e-05 3.686398198e+00 3.687860817e+00 0.000000000e+00
 3.219598375e-05 3.686398194e+00 3.687860815e+00 0.000000000e+00
 3.235535875e-05 3.686397897e+00 3.687860726e+00 0.000000000e+00
 3.236004625e-05 3.686397886e+00 3.687860724e+00 0.000000000e+00
 3.252410875e-05 3.686397546e+00 3.687860633e+00 0.000000000e+00
 3.252879625e-05 3.686397538e+00 3.687860631e+00 0.000000000e+00
 3.268817125e-05 3.686397369e+00 3.687860542e+00 0.000000000e+00
 3.269285875e-05 3.686397367e+00 3.687860540e+00 0.000000000e+00
 3.282410875e-05 3.686397333e+00 3.687860467e+00 0.000000000e+00
 3.285223375e-05 3.686397334e+00 3.687860452e+00 0.000000000e+00
 3.285692125e-05 3.686397334e+00 3.687860449e+00 0.000000000e+00
 3.301629625e-05 3.686397360e+00 3.687860361e+00 0.000000000e+00
 3.302098375e-05 3.686397361e+00 3.687860358e+00 0.000000000e+00
 3.318035875e-05 3.686397391e+00 3.687860270e+00 0.000000000e+00
 3.318504625e-05 3.686397392e+00 3.687860268e+00 0.000000000e+00
 3.334910875e-05 3.686397408e+00 3.687860177e+00 0.000000000e+00
 3.335379625e-05 3.686397408e+00 3.687860174e+00 0.000000000e+00
 3.346160875e-05 3.686397410e+00 3.687860114e+00 0.000000000e+00
 3.351317125e-05 3.686397410e+00 3.687860086e+00 0.000000000e+00
 3.351785875e-05 3.686397410e+00 3.687860083e+00 0.000000000e+00
 3.367723375e-05 3.686397406e+00 3.687859995e+00 0.000000000e+00
 3.368192125e-05 3.686397406e+00 3.687859993e+00 0.000000000e+00
 3.384129625e-05 3.686397401e+00 3.687859904e+00 0.000000000e+00
 3.384598375e-05 3.686397401e+00 3.687859902e+00 0.000000000e+00
 3.400535875e-05 3.686397398e+00 3.687859814e+00 0.000000000e+00
 3.401004625e-05 3.686397398e+00 3.687859811e+00 0.000000000e+00
 3.417410875e-05 3.686397396e+00 3.687859720e+00 0.000000000e+00
 3.417879625e-05 3.686397396e+00 3.687859718e+00 0.000000000e+00
 3.433817125e-05 3.686397395e+00 3.687859630e+00 0.000000000e+00
 3.434285875e-05 3.686397395e+00 3.687859627e+00 0.000000000e+00
 3.449754625e-05 3.686397394e+00 3.687859541e+00 0.000000000e+00
 3.450223375e-05 3.686397394e+00 3.687859539e+00 0.000000000e+00
 3.450692125e-05 3.686397394e+00 3.687859536e+00 0.000000000e+00
 3.465692125e-05 3.686397393e+00 3.687859453e+00 0.000000000e+00
 3.466629625e-05 3.686397393e+00 3.687859448e+00 0.000000000e+00
 3.467098375e-05 3.686397393e+00 3.687859445e+00 0.000000000e+00
 3.482567125e-05 3.686397391e+00 3.687859360e+00 0.000000000e+00
 3.483504625e-05 3.686397391e+00 3.687859355e+00 0.000000000e+00
 3.483973375e-05 3.686397391e+00 3.687859352e+00 0.000000000e+00
 3.499910875e-05 3.686397390e+00 3.687859264e+00 0.000000000e+00
 3.500379625e-05 3.686397390e+00 3.687859261e+00 0.000000000e+00
 3.515848375e-05 3.686397388e+00 3.687859176e+00 0.000000000e+00
 3.516317125e-05 3.686397388e+00 3.687859173e+00 0.000000000e+00
 3.516785875e-05 3.686397388e+00 3.687859170e+00 0.000000000e+00
 3.532254625e-05 3.686397387e+00 3.687859085e+00 0.000000000e+00
 3.532723375e-05 3.686397387e+00 3.687859082e+00 0.000000000e+00
 3.533192125e-05 3.686397387e+00 3.687859080e+00 0.000000000e+00
 3.548660875e-05 3.686397386e+00 3.687858994e+00 0.000000000e+00
 3.549129625e-05 3.686397386e+00 3.687858992e+00 0.000000000e+00
 3.549598375e-05 3.686397385e+00 3.687858989e+00 0.000000000e+00
 3.566004625e-05 3.686397384e+00 3.687858898e+00 0.000000000e+00
 3.566473375e-05 3.686397384e+00 3.687858896e+00 0.000000000e+00
 3.581473375e-05 3.686397383e+00 3.687858813e+00 0.000000000e+00
 3.582410875e-05 3.686397383e+00 3.687858807e+00 0.000000000e+00
 3.582879625e-05 3.686397383e+00 3.687858805e+00 0.000000000e+00
 3.597879625e-05 3.686397381e+00 3.687858722e+00 0.000000000e+00
 3.598817125e-05 3.686397381e+00 3.687858717e+00 0.000000000e+00
 3.599285875e-05 3.686397381e+00 3.687858714e+00 0.000000000e+00
 3.614754625e-05 3.686397380e+00 3.687858628e+00 0.000000000e+00
 3.615223375e-05 3.686397380e+00 3.687858626e+00 0.000000000e+00
 3.615692125e-05 3.686397380e+00 3.687858623e+00 0.000000000e+00
 3.631160875e-05 3.686397379e+00 3.687858538e+00 0.000000000e+00
 3.631629625e-05 3.686397379e+00 3.687858535e+00 0.000000000e+00
 3.632098375e-05 3.686397379e+00 3.687858532e+00 0.000000000e+00
 3.648035875e-05 3.686397377e+00 3.687858444e+00 0.000000000e+00
 3.648504625e-05 3.686397377e+00 3.687858442e+00 0.000000000e+00
 3.648973375e-05 3.686397377e+00 3.687858439e+00 0.000000000e+00
 3.656310309e-05 3.686397376e+00 -3.952362458e-01 0.000000000e+00
 3.656317524e-05 3.686397376e+00 1.882837161e-02 0.000000000e+00
 3.656333440e-05 3.686397376e+00 3.099416780e-06 0.000000000e+00
 3.656337443e-05 3.686397376e+00 -1.256406593e-09 0.000000000e+00
 3.666325918e-05 3.686397375e+00 3.788433626e-12 0.000000000e+00
 3.667732168e-05 3.686397375e+00 3.589454000e-12 0.000000000e+00
 3.668200918e-05 3.686397375e+00 3.781700235e-12 0.000000000e+00
 3.682732168e-05 3.686397374e+00 3.630249966e-12 0.000000000e+00
 3.684138418e-05 3.686397374e+00 3.739742308e-12 0.000000000e+00
 3.684607168e-05 3.686397374e+00 3.633955143e-12 0.000000000e+00
 3.699138418e-05 3.686397373e+00 3.717293546e-12 0.000000000e+00
 3.700544668e-05 3.686397373e+00 3.657043292e-12 0.000000000e+00
 3.701013418e-05 3.686397373e+00 3.715254701e-12 0.000000000e+00
 3.716950918e-05 3.686397371e+00 3.702550004e-12 0.000000000e+00
 3.717419668e-05 3.686397371e+00 3.670518064e-12 0.000000000e+00
 3.717888418e-05 3.686397371e+00 3.702007951e-12 0.000000000e+00
 3.732888418e-05 3.686397370e+00 3.695438661e-12 0.000000000e+00
 3.733825918e-05 3.686397370e+00 3.695135251e-12 0.000000000e+00
 3.734294668e-05 3.686397370e+00 3.677807339e-12 0.000000000e+00
 3.749763418e-05 3.686397369e+00 3.691288318e-12 0.000000000e+00
 3.750232168e-05 3.686397369e+00 3.681589171e-12 0.000000000e+00
 3.750700918e-05 3.686397369e+00 3.691124186e-12 0.000000000e+00
 3.765232168e-05 3.686397367e+00 3.683612565e-12 0.000000000e+00
 3.766638418e-05 3.686397367e+00 3.689043158e-12 0.000000000e+00
 3.767107168e-05 3.686397367e+00 3.683796334e-12 0.000000000e+00
 3.781025459e-05 3.686397366e+00 3.684850372e-12 0.000000000e+00
 3.781393750e-05 3.686397366e+00 3.686390417e-12 0.000000000e+00
 3.793192125e-05 3.686397365e+00 2.174150737e-08 0.000000000e+00
 3.793660875e-05 3.686397365e+00 2.260550673e-08 0.000000000e+00
 3.809129625e-05 3.686397364e+00 5.111748515e-08 0.000000000e+00
 3.809598375e-05 3.686397364e+00 5.198148448e-08 0.000000000e+00
 3.810067125e-05 3.686397364e+00 5.284548382e-08 0.000000000e+00
 3.826004625e-05 3.686397362e+00 8.222146059e-08 0.000000000e+00
 3.826473375e-05 3.686397362e+00 8.308545990e-08 0.000000000e+00
 3.841942125e-05 3.686397361e+00 1.115974364e-07 0.000000000e+00
 3.842410875e-05 3.686397361e+00 1.124614357e-07 0.000000000e+00
 3.842879625e-05 3.686397361e+00 1.133254350e-07 0.000000000e+00
 3.858817125e-05 3.686397360e+00 1.427014098e-07 0.000000000e+00
 3.859285875e-05 3.686397360e+00 1.435654090e-07 0.000000000e+00
 3.859754625e-05 3.686397360e+00 1.444294083e-07 0.000000000e+00
 3.874754625e-05 3.686397358e+00 1.720773837e-07 0.000000000e+00
 3.875692125e-05 3.686397358e+00 1.738053821e-07 0.000000000e+00
 3.876160875e-05 3.686397358e+00 1.746693813e-07 0.000000000e+00
 3.892098375e-05 3.686397357e+00 2.040453542e-07 0.000000000e+00
 3.892567125e-05 3.686397357e+00 2.049093534e-07 0.000000000e+00
 3.905692125e-05 3.686397356e+00 2.291013303e-07 0.000000000e+00
 3.906293750e-05 3.686397356e+00 2.302102444e-07 4.375000000e-01
 3.906302270e-05 3.686320410e+00 7.827817343e-03 5.227042699e-01
 3.906350000e-05 3.685469764e+00 9.446744052e-02 1.000000000e+00
 3.910742914e-05 3.659633224e+00 3.247238519e+00 1.000000000e+00
 3.917305414e-05 3.668626142e+00 3.623360211e+00 1.000000000e+00
 3.917774164e-05 3.669477548e+00 3.627370196e+00 1.000000000e+00
 3.934180414e-05 3.691159571e+00 3.672900039e+00 1.000000000e+00
 3.934649164e-05 3.691501837e+00 3.673644005e+00 1.000000000e+00
 3.949180414e-05 3.696061903e+00 3.689388477e+00 1.000000000e+00
 3.950586664e-05 3.696024309e+00 3.690226582e+00 1.000000000e+00
 3.951055414e-05 3.695998597e+00 3.690482677e+00 1.000000000e+00
 3.965117914e-05 3.693244002e+00 3.693778764e+00 1.000000000e+00
 3.966992914e-05 3.692725206e+00 3.693732059e+00 1.000000000e+00
 3.967461664e-05 3.692594131e+00 3.693707998e+00 1.000000000e+00
 3.983399164e-05 3.688484670e+00 3.691133835e+00 1.000000000e+00
 3.983867914e-05 3.688386328e+00 3.691033414e+00 1.000000000e+00
 4.000000000e-05 3.686070878e+00 3.687886815e+00 1.000000000e+00
