 frequency v(x_u1_a_oa) v(x_u1_a_oa) v(x_u1_a_oi) v(x_u1_a_oi)
 1.000000000e+00 9.999974871e-01 -9.999958303e-07 -2.512881908e-06 -9.999958303e-07
 1.047128548e+00 9.999974871e-01 -1.047124182e-06 -2.512881972e-06 -1.047124182e-06
 1.096478196e+00 9.999974871e-01 -1.096473624e-06 -2.512882042e-06 -1.096473624e-06
 1.122018454e+00 9.999974871e-01 -1.122013776e-06 -2.512882080e-06 -1.122013776e-06
 1.174897555e+00 9.999974871e-01 -1.174892656e-06 -2.512882161e-06 -1.174892656e-06
 1.230268771e+00 9.999974871e-01 -1.230263641e-06 -2.512882250e-06 -1.230263641e-06
 1.258925412e+00 9.999974871e-01 -1.258920162e-06 -2.512882297e-06 -1.258920162e-06
 1.318256739e+00 9.999974871e-01 -1.318251242e-06 -2.512882400e-06 -1.318251242e-06
 1.348962883e+00 9.999974871e-01 -1.348957258e-06 -2.512882454e-06 -1.348957258e-06
 1.412537545e+00 9.999974871e-01 -1.412531655e-06 -2.512882571e-06 -1.412531655e-06
 1.479108388e+00 9.999974871e-01 -1.479102221e-06 -2.512882699e-06 -1.479102221e-06
 1.513561248e+00 9.999974871e-01 -1.513554937e-06 -2.512882768e-06 -1.513554937e-06
 1.584893193e+00 9.999974871e-01 -1.584886584e-06 -2.512882915e-06 -1.584886584e-06
 1.621810097e+00 9.999974871e-01 -1.621803335e-06 -2.512882995e-06 -1.621803335e-06
 1.698243652e+00 9.999974871e-01 -1.698236571e-06 -2.512883164e-06 -1.698236571e-06
 1.778279410e+00 9.999974871e-01 -1.778271995e-06 -2.512883349e-06 -1.778271995e-06
 1.819700859e+00 9.999974871e-01 -1.819693271e-06 -2.512883448e-06 -1.819693271e-06
 1.905460718e+00 9.999974871e-01 -1.905452773e-06 -2.512883662e-06 -1.905452773e-06
 1.949844600e+00 9.999974871e-01 -1.949836469e-06 -2.512883776e-06 -1.949836469e-06
 2.041737945e+00 9.999974871e-01 -2.041729431e-06 -2.512884020e-06 -2.041729431e-06
 2.137962090e+00 9.999974871e-01 -2.137953175e-06 -2.512884288e-06 -2.137953175e-06
 2.187761624e+00 9.999974871e-01 -2.187752502e-06 -2.512884432e-06 -2.187752502e-06
 2.290867653e+00 9.999974871e-01 -2.290858100e-06 -2.512884740e-06 -2.290858100e-06
 2.344228815e+00 9.999974871e-01 -2.344219041e-06 -2.512884905e-06 -2.344219041e-06
 2.454708916e+00 9.999974871e-01 -2.454698680e-06 -2.512885259e-06 -2.454698680e-06
 2.570395783e+00 9.999974871e-01 -2.570385065e-06 -2.512885647e-06 -2.570385065e-06
 2.630267992e+00 9.999974871e-01 -2.630257024e-06 -2.512885854e-06 -2.630257024e-06
 2.754228703e+00 9.999974871e-01 -2.754217219e-06 -2.512886299e-06 -2.754217219e-06
 2.818382931e+00 9.999974871e-01 -2.818371179e-06 -2.512886537e-06 -2.818371179e-06
 2.951209227e+00 9.999974871e-01 -2.951196921e-06 -2.512887049e-06 -2.951196921e-06
 3.090295433e+00 9.999974871e-01 -3.090282547e-06 -2.512887609e-06 -3.090282547e-06
 3.162277660e+00 9.999974871e-01 -3.162264474e-06 -2.512887909e-06 -3.162264474e-06
 3.311311215e+00 9.999974871e-01 -3.311297408e-06 -2.512888552e-06 -3.311297408e-06
 3.388441561e+00 9.999974871e-01 -3.388427432e-06 -2.512888897e-06 -3.388427432e-06
 3.548133892e+00 9.999974871e-01 -3.548119097e-06 -2.512889636e-06 -3.548119097e-06
 3.715352291e+00 9.999974871e-01 -3.715336799e-06 -2.512890445e-06 -3.715336799e-06
 3.801893963e+00 9.999974871e-01 -3.801878110e-06 -2.512890880e-06 -3.801878110e-06
 3.981071705e+00 9.999974871e-01 -3.981055105e-06 -2.512891810e-06 -3.981055105e-06
 4.073802778e+00 9.999974871e-01 -4.073785791e-06 -2.512892308e-06 -4.073785791e-06
 4.265795188e+00 9.999974871e-01 -4.265777401e-06 -2.512893375e-06 -4.265777401e-06
 4.466835922e+00 9.999974871e-01 -4.466817296e-06 -2.512894546e-06 -4.466817296e-06
 4.570881896e+00 9.999974871e-01 -4.570862837e-06 -2.512895173e-06 -4.570862837e-06
 4.786300923e+00 9.999974871e-01 -4.786280965e-06 -2.512896517e-06 -4.786280965e-06
 4.897788194e+00 9.999974871e-01 -4.897767771e-06 -2.512897237e-06 -4.897767771e-06
 5.128613840e+00 9.999974871e-01 -5.128592455e-06 -2.512898780e-06 -5.128592455e-06
 5.370317964e+00 9.999974871e-01 -5.370295571e-06 -2.512900473e-06 -5.370295571e-06
 5.495408739e+00 9.999974871e-01 -5.495385824e-06 -2.512901379e-06 -5.495385824e-06
 5.754399373e+00 9.999974871e-01 -5.754375379e-06 -2.512903322e-06 -5.754375379e-06
 5.888436554e+00 9.999974871e-01 -5.888412000e-06 -2.512904363e-06 -5.888412000e-06
 6.165950019e+00 9.999974871e-01 -6.165924308e-06 -2.512906593e-06 -6.165924308e-06
 6.456542290e+00 9.999974871e-01 -6.456515368e-06 -2.512909040e-06 -6.456515368e-06
 6.606934480e+00 9.999974871e-01 -6.606906930e-06 -2.512910350e-06 -6.606906930e-06
 6.918309709e+00 9.999974871e-01 -6.918280861e-06 -2.512913158e-06 -6.918280861e-06
 7.079457844e+00 9.999974871e-01 -7.079428324e-06 -2.512914662e-06 -7.079428324e-06
 7.413102413e+00 9.999974871e-01 -7.413071501e-06 -2.512917887e-06 -7.413071501e-06
 7.762471166e+00 9.999974871e-01 -7.762438798e-06 -2.512921422e-06 -7.762438798e-06
 7.943282347e+00 9.999974871e-01 -7.943249225e-06 -2.512923316e-06 -7.943249225e-06
 8.317637711e+00 9.999974871e-01 -8.317603027e-06 -2.512927376e-06 -8.317603027e-06
 8.511380382e+00 9.999974871e-01 -8.511344890e-06 -2.512929550e-06 -8.511344890e-06
 8.912509381e+00 9.999974871e-01 -8.912472217e-06 -2.512934210e-06 -8.912472217e-06
 9.332543008e+00 9.999974871e-01 -9.332504092e-06 -2.512939321e-06 -9.332504092e-06
 9.549925860e+00 9.999974871e-01 -9.549886038e-06 -2.512942058e-06 -9.549886038e-06
 1.000000000e+01 9.999974871e-01 -9.999958300e-06 -2.512947925e-06 -9.999958300e-06
 1.047128548e+01 9.999974871e-01 -1.047124182e-05 -2.512954359e-06 -1.047124182e-05
 1.071519305e+01 9.999974870e-01 -1.071514837e-05 -2.512957805e-06 -1.071514837e-05
 1.122018454e+01 9.999974870e-01 -1.122013775e-05 -2.512965192e-06 -1.122013775e-05
 1.148153622e+01 9.999974870e-01 -1.148148834e-05 -2.512969148e-06 -1.148148834e-05
 1.202264435e+01 9.999974870e-01 -1.202259421e-05 -2.512977630e-06 -1.202259421e-05
 1.258925412e+01 9.999974870e-01 -1.258920162e-05 -2.512986929e-06 -1.258920162e-05
 1.288249552e+01 9.999974870e-01 -1.288244180e-05 -2.512991910e-06 -1.288244180e-05
 1.348962883e+01 9.999974870e-01 -1.348957257e-05 -2.513002587e-06 -1.348957257e-05
 1.380384265e+01 9.999974870e-01 -1.380378508e-05 -2.513008306e-06 -1.380378508e-05
 1.445439771e+01 9.999974870e-01 -1.445433743e-05 -2.513020565e-06 -1.445433743e-05
 1.513561248e+01 9.999974870e-01 -1.513554937e-05 -2.513034007e-06 -1.513554937e-05
 1.548816619e+01 9.999974870e-01 -1.548810160e-05 -2.513041206e-06 -1.548810160e-05
 1.621810097e+01 9.999974869e-01 -1.621803334e-05 -2.513056639e-06 -1.621803334e-05
 1.659586907e+01 9.999974869e-01 -1.659579986e-05 -2.513064905e-06 -1.659579986e-05
 1.737800829e+01 9.999974869e-01 -1.737793581e-05 -2.513082625e-06 -1.737793581e-05
 1.819700859e+01 9.999974869e-01 -1.819693269e-05 -2.513102054e-06 -1.819693269e-05
 1.862087137e+01 9.999974869e-01 -1.862079371e-05 -2.513112460e-06 -1.862079371e-05
 1.949844600e+01 9.999974869e-01 -1.949836468e-05 -2.513134768e-06 -1.949836468e-05
 1.995262315e+01 9.999974869e-01 -1.995253993e-05 -2.513146716e-06 -1.995253993e-05
 2.089296131e+01 9.999974868e-01 -2.089287417e-05 -2.513172328e-06 -2.089287417e-05
 2.187761624e+01 9.999974868e-01 -2.187752499e-05 -2.513200411e-06 -2.187752499e-05
 2.238721139e+01 9.999974868e-01 -2.238711801e-05 -2.513215453e-06 -2.238711801e-05
 2.344228815e+01 9.999974867e-01 -2.344219037e-05 -2.513247697e-06 -2.344219037e-05
 2.398832919e+01 9.999974867e-01 -2.398822913e-05 -2.513264967e-06 -2.398822913e-05
 2.511886431e+01 9.999974867e-01 -2.511875954e-05 -2.513301987e-06 -2.511875954e-05
 2.630267992e+01 9.999974867e-01 -2.630257020e-05 -2.513342580e-06 -2.630257020e-05
 2.691534804e+01 9.999974866e-01 -2.691523577e-05 -2.513364321e-06 -2.691523577e-05
 2.818382931e+01 9.999974866e-01 -2.818371174e-05 -2.513410927e-06 -2.818371174e-05
 2.884031503e+01 9.999974866e-01 -2.884019472e-05 -2.513435890e-06 -2.884019472e-05
 3.019951720e+01 9.999974865e-01 -3.019939122e-05 -2.513489400e-06 -3.019939122e-05
 3.162277660e+01 9.999974864e-01 -3.162264467e-05 -2.513548073e-06 -3.162264467e-05
 3.235936569e+01 9.999974864e-01 -3.235923069e-05 -2.513579499e-06 -3.235923069e-05
 3.388441561e+01 9.999974863e-01 -3.388427424e-05 -2.513646863e-06 -3.388427424e-05
 3.467368504e+01 9.999974863e-01 -3.467354038e-05 -2.513682945e-06 -3.467354038e-05
 3.630780548e+01 9.999974862e-01 -3.630765398e-05 -2.513760289e-06 -3.630765398e-05
 3.801893963e+01 9.999974861e-01 -3.801878099e-05 -2.513845095e-06 -3.801878099e-05
 3.890451450e+01 9.999974861e-01 -3.890435215e-05 -2.513890518e-06 -3.890435215e-05
 4.073802778e+01 9.999974860e-01 -4.073785777e-05 -2.513987887e-06 -4.073785777e-05
 4.168693835e+01 9.999974860e-01 -4.168676437e-05 -2.514040040e-06 -4.168676437e-05
 4.365158322e+01 9.999974859e-01 -4.365140104e-05 -2.514151834e-06 -4.365140104e-05
 4.570881896e+01 9.999974857e-01 -4.570862818e-05 -2.514274413e-06 -4.570862818e-05
 4.677351413e+01 9.999974857e-01 -4.677331889e-05 -2.514340068e-06 -4.677331889e-05
 4.897788194e+01 9.999974855e-01 -4.897767748e-05 -2.514480805e-06 -4.897767748e-05
 5.011872336e+01 9.999974854e-01 -5.011851414e-05 -2.514556187e-06 -5.011851414e-05
 5.248074603e+01 9.999974853e-01 -5.248052692e-05 -2.514717773e-06 -5.248052692e-05
 5.495408739e+01 9.999974851e-01 -5.495385793e-05 -2.514894948e-06 -5.495385793e-05
 5.623413252e+01 9.999974850e-01 -5.623389771e-05 -2.514989846e-06 -5.623389771e-05
 5.888436554e+01 9.999974848e-01 -5.888411963e-05 -2.515193268e-06 -5.888411963e-05
 6.025595861e+01 9.999974847e-01 -6.025570696e-05 -2.515302224e-06 -6.025570696e-05
 6.309573445e+01 9.999974845e-01 -6.309547092e-05 -2.515535781e-06 -6.309547092e-05
 6.606934480e+01 9.999974842e-01 -6.606906882e-05 -2.515791869e-06 -6.606906882e-05
 6.760829754e+01 9.999974841e-01 -6.760801511e-05 -2.515929033e-06 -6.760801511e-05
 7.079457844e+01 9.999974838e-01 -7.079428266e-05 -2.516223058e-06 -7.079428266e-05
 7.244359601e+01 9.999974836e-01 -7.244329332e-05 -2.516380543e-06 -7.244329332e-05
 7.585775750e+01 9.999974833e-01 -7.585744051e-05 -2.516718125e-06 -7.585744051e-05
 7.943282347e+01 9.999974829e-01 -7.943249149e-05 -2.517088273e-06 -7.943249149e-05
 8.128305162e+01 9.999974827e-01 -8.128271188e-05 -2.517286530e-06 -8.128271188e-05
 8.511380382e+01 9.999974823e-01 -8.511344802e-05 -2.517711513e-06 -8.511344802e-05
 8.709635900e+01 9.999974821e-01 -8.709599488e-05 -2.517939140e-06 -8.709599488e-05
 9.120108394e+01 9.999974816e-01 -9.120070261e-05 -2.518427081e-06 -9.120070261e-05
 9.549925860e+01 9.999974810e-01 -9.549885924e-05 -2.518962093e-06 -9.549885924e-05
 9.772372210e+01 9.999974807e-01 -9.772331340e-05 -2.519248654e-06 -9.772331340e-05
 1.023292992e+02 9.999974801e-01 -1.023288712e-04 -2.519862925e-06 -1.023288712e-04
 1.071519305e+02 9.999974795e-01 -1.071514822e-04 -2.520536457e-06 -1.071514822e-04
 1.096478196e+02 9.999974791e-01 -1.096473609e-04 -2.520897210e-06 -1.096473609e-04
 1.148153621e+02 9.999974783e-01 -1.148148817e-04 -2.521670521e-06 -1.148148817e-04
 1.174897555e+02 9.999974779e-01 -1.174892638e-04 -2.522084719e-06 -1.174892638e-04
 1.230268771e+02 9.999974770e-01 -1.230263621e-04 -2.522972593e-06 -1.230263621e-04
 1.288249552e+02 9.999974761e-01 -1.288244158e-04 -2.523946123e-06 -1.288244158e-04
 1.318256739e+02 9.999974755e-01 -1.318251219e-04 -2.524467561e-06 -1.318251219e-04
 1.380384265e+02 9.999974744e-01 -1.380378483e-04 -2.525585317e-06 -1.380378483e-04
 1.412537545e+02 9.999974738e-01 -1.412531628e-04 -2.526184006e-06 -1.412531628e-04
 1.479108388e+02 9.999974725e-01 -1.479102191e-04 -2.527467355e-06 -1.479102191e-04
 1.548816619e+02 9.999974711e-01 -1.548810129e-04 -2.528874516e-06 -1.548810129e-04
 1.584893192e+02 9.999974704e-01 -1.584886550e-04 -2.529628215e-06 -1.584886550e-04
 1.659586907e+02 9.999974688e-01 -1.659579950e-04 -2.531243845e-06 -1.659579950e-04
 1.698243652e+02 9.999974679e-01 -1.698236532e-04 -2.532109204e-06 -1.698236532e-04
 1.778279410e+02 9.999974660e-01 -1.778271952e-04 -2.533964190e-06 -1.778271952e-04
 1.862087137e+02 9.999974640e-01 -1.862079325e-04 -2.535998139e-06 -1.862079325e-04
 1.905460718e+02 9.999974629e-01 -1.905452723e-04 -2.537087557e-06 -1.905452723e-04
 1.995262315e+02 9.999974606e-01 -1.995253940e-04 -2.539422837e-06 -1.995253940e-04
 2.041737945e+02 9.999974593e-01 -2.041729373e-04 -2.540673653e-06 -2.041729373e-04
 2.137962089e+02 9.999974566e-01 -2.137953111e-04 -2.543354909e-06 -2.137953111e-04
 2.238721139e+02 9.999974537e-01 -2.238711733e-04 -2.546294844e-06 -2.238711733e-04
 2.290867653e+02 9.999974521e-01 -2.290858026e-04 -2.547869525e-06 -2.290858026e-04
 2.398832919e+02 9.999974487e-01 -2.398822834e-04 -2.551245018e-06 -2.398822834e-04
 2.454708916e+02 9.999974470e-01 -2.454698594e-04 -2.553052991e-06 -2.454698594e-04
 2.570395783e+02 9.999974431e-01 -2.570384969e-04 -2.556928571e-06 -2.570384969e-04
 2.691534804e+02 9.999974388e-01 -2.691523474e-04 -2.561178059e-06 -2.691523474e-04
 2.754228703e+02 9.999974365e-01 -2.754217107e-04 -2.563454159e-06 -2.754217107e-04
 2.884031503e+02 9.999974317e-01 -2.884019352e-04 -2.568333220e-06 -2.884019352e-04
 2.951209227e+02 9.999974290e-01 -2.951196789e-04 -2.570946530e-06 -2.951196789e-04
 3.090295433e+02 9.999974234e-01 -3.090282400e-04 -2.576548439e-06 -3.090282400e-04
 3.235936569e+02 9.999974173e-01 -3.235922912e-04 -2.582690807e-06 -3.235922912e-04
 3.311311215e+02 9.999974140e-01 -3.311297234e-04 -2.585980767e-06 -3.311297234e-04
 3.467368505e+02 9.999974070e-01 -3.467353852e-04 -2.593033147e-06 -3.467353852e-04
 3.548133892e+02 9.999974032e-01 -3.548118891e-04 -2.596810526e-06 -3.548118891e-04
 3.715352291e+02 9.999973951e-01 -3.715336568e-04 -2.604907739e-06 -3.715336568e-04
 3.890451450e+02 9.999973862e-01 -3.890434968e-04 -2.613786157e-06 -3.890434968e-04
 3.981071705e+02 9.999973815e-01 -3.981054830e-04 -2.618541592e-06 -3.981054830e-04
 4.168693835e+02 9.999973713e-01 -4.168676143e-04 -2.628735377e-06 -4.168676143e-04
 4.265795188e+02 9.999973658e-01 -4.265777072e-04 -2.634195347e-06 -4.265777072e-04
 4.466835921e+02 9.999973541e-01 -4.466816925e-04 -2.645899375e-06 -4.466816925e-04
 4.677351413e+02 9.999973413e-01 -4.677331491e-04 -2.658732587e-06 -4.677331491e-04
 4.786300923e+02 9.999973344e-01 -4.786280521e-04 -2.665606280e-06 -4.786280521e-04
 5.011872336e+02 9.999973197e-01 -5.011850935e-04 -2.680340776e-06 -5.011850935e-04
 5.128613840e+02 9.999973118e-01 -5.128591920e-04 -2.688232832e-06 -5.128591920e-04
 5.370317964e+02 9.999972948e-01 -5.370294965e-04 -2.705150296e-06 -5.370294965e-04
 5.623413252e+02 9.999972763e-01 -5.623389117e-04 -2.723699925e-06 -5.623389117e-04
 5.754399373e+02 9.999972664e-01 -5.754374648e-04 -2.733635434e-06 -5.754374648e-04
 6.025595861e+02 9.999972451e-01 -6.025569905e-04 -2.754933256e-06 -6.025569905e-04
 6.165950019e+02 9.999972337e-01 -6.165923423e-04 -2.766340746e-06 -6.165923423e-04
 6.456542290e+02 9.999972092e-01 -6.456514362e-04 -2.790793916e-06 -6.456514362e-04
 6.760829754e+02 9.999971824e-01 -6.760800419e-04 -2.817606284e-06 -6.760800419e-04
 6.918309709e+02 9.999971680e-01 -6.918279641e-04 -2.831967462e-06 -6.918279641e-04
 7.244359601e+02 9.999971372e-01 -7.244328004e-04 -2.862752177e-06 -7.244328004e-04
 7.413102413e+02 9.999971208e-01 -7.413070019e-04 -2.879241014e-06 -7.413070019e-04
 7.762471166e+02 9.999970854e-01 -7.762437108e-04 -2.914586595e-06 -7.762437108e-04
 8.128305162e+02 9.999970467e-01 -8.128269341e-04 -2.953342254e-06 -8.128269341e-04
 8.317637711e+02 9.999970259e-01 -8.317600969e-04 -2.974100468e-06 -8.317600969e-04
 8.709635900e+02 9.999969814e-01 -8.709597232e-04 -3.018597916e-06 -8.709597232e-04
 8.912509381e+02 9.999969576e-01 -8.912469707e-04 -3.042431534e-06 -8.912469707e-04
 9.332543008e+02 9.999969065e-01 -9.332501226e-04 -3.093521437e-06 -9.332501226e-04
 9.772372210e+02 9.999968505e-01 -9.772328184e-04 -3.149540400e-06 -9.772328184e-04
 1.000000000e+03 9.999968205e-01 -9.999954799e-04 -3.179545146e-06 -9.999954799e-04
 1.047128548e+03 9.999967561e-01 -1.047123781e-03 -3.243863518e-06 -1.047123781e-03
 1.096478196e+03 9.999966856e-01 -1.096473166e-03 -3.314387208e-06 -1.096473166e-03
 1.122018454e+03 9.999966478e-01 -1.122013286e-03 -3.352160940e-06 -1.122013286e-03
 1.174897555e+03 9.999965669e-01 -1.174892095e-03 -3.433132966e-06 -1.174892095e-03
 1.202264435e+03 9.999965235e-01 -1.202258822e-03 -3.476503011e-06 -1.202258822e-03
 1.258925412e+03 9.999964305e-01 -1.258919476e-03 -3.569471329e-06 -1.258919476e-03
 1.318256739e+03 9.999963286e-01 -1.318250456e-03 -3.671409057e-06 -1.318250456e-03
 1.348962883e+03 9.999962740e-01 -1.348956416e-03 -3.726008702e-06 -1.348956416e-03
 1.412537545e+03 9.999961569e-01 -1.412530691e-03 -3.843048864e-06 -1.412530691e-03
 1.445439771e+03 9.999960943e-01 -1.445432712e-03 -3.905737639e-06 -1.445432712e-03
 1.513561248e+03 9.999959599e-01 -1.513553756e-03 -4.040117712e-06 -1.513553756e-03
 1.584893192e+03 9.999958125e-01 -1.584885230e-03 -4.187462522e-06 -1.584885230e-03
 1.621810097e+03 9.999957336e-01 -1.621801885e-03 -4.266382999e-06 -1.621801885e-03
 1.698243653e+03 9.999955644e-01 -1.698234910e-03 -4.435557456e-06 -1.698234910e-03
 1.737800829e+03 9.999954738e-01 -1.737791804e-03 -4.526170277e-06 -1.737791804e-03
 1.819700859e+03 9.999952796e-01 -1.819691231e-03 -4.720408515e-06 -1.819691231e-03
 1.905460718e+03 9.999950666e-01 -1.905450434e-03 -4.933386488e-06 -1.905450434e-03
 1.949844600e+03 9.999949525e-01 -1.949833965e-03 -5.047461240e-06 -1.949833965e-03
 2.041737945e+03 9.999947080e-01 -2.041726559e-03 -5.291992628e-06 -2.041726559e-03
 2.089296131e+03 9.999945770e-01 -2.089284343e-03 -5.422967945e-06 -2.089284343e-03
 2.187761624e+03 9.999942963e-01 -2.187748974e-03 -5.703727488e-06 -2.187748974e-03
 2.290867653e+03 9.999939884e-01 -2.290854054e-03 -6.011574160e-06 -2.290854054e-03
 2.344228815e+03 9.999938235e-01 -2.344214706e-03 -6.176462254e-06 -2.344214706e-03
 2.454708916e+03 9.999934701e-01 -2.454693708e-03 -6.529917437e-06 -2.454693708e-03
 2.511886432e+03 9.999932808e-01 -2.511870632e-03 -6.719234249e-06 -2.511870632e-03
 2.630267992e+03 9.999928749e-01 -2.630250914e-03 -7.125054983e-06 -2.630250914e-03
 2.754228703e+03 9.999924300e-01 -2.754210207e-03 -7.570028474e-06 -2.754210207e-03
 2.818382931e+03 9.999921916e-01 -2.818363669e-03 -7.808364092e-06 -2.818363669e-03
 2.951209227e+03 9.999916807e-01 -2.951188302e-03 -8.319261835e-06 -2.951188302e-03
 3.019951720e+03 9.999914071e-01 -3.019929895e-03 -8.592907632e-06 -3.019929895e-03
 3.162277660e+03 9.999908205e-01 -3.162253879e-03 -9.179496485e-06 -3.162253879e-03
 3.311311215e+03 9.999901773e-01 -3.311285248e-03 -9.822678173e-06 -3.311285248e-03
 3.388441561e+03 9.999898328e-01 -3.388414406e-03 -1.016717756e-05 -3.388414406e-03
 3.548133892e+03 9.999890944e-01 -3.548104147e-03 -1.090564856e-05 -3.548104147e-03
 3.630780548e+03 9.999886988e-01 -3.630749392e-03 -1.130118656e-05 -3.630749392e-03
 3.801893963e+03 9.999878509e-01 -3.801859727e-03 -1.214906421e-05 -3.801859727e-03
 3.981071706e+03 9.999869213e-01 -3.981034006e-03 -1.307874315e-05 -3.981034006e-03
 4.073802778e+03 9.999864233e-01 -4.073763186e-03 -1.357669544e-05 -4.073763186e-03
 4.265795188e+03 9.999853559e-01 -4.265751453e-03 -1.464410888e-05 -4.265751453e-03
 4.365158322e+03 9.999847842e-01 -4.365112321e-03 -1.521583414e-05 -4.365112321e-03
 4.570881896e+03 9.999835586e-01 -4.570830926e-03 -1.644138771e-05 -4.570830926e-03
 4.786300923e+03 9.999822148e-01 -4.786244335e-03 -1.778517960e-05 -4.786244335e-03
 4.897788194e+03 9.999814951e-01 -4.897728524e-03 -1.850493790e-05 -4.897728524e-03
 5.128613840e+03 9.999799522e-01 -5.128547402e-03 -2.004781577e-05 -5.128547402e-03
 5.248074602e+03 9.999791258e-01 -5.248004448e-03 -2.087420790e-05 -5.248004448e-03
 5.495408739e+03 9.999773543e-01 -5.495330411e-03 -2.264566651e-05 -5.495330411e-03
 5.754399373e+03 9.999754120e-01 -5.754311765e-03 -2.458803045e-05 -5.754311765e-03
 5.888436554e+03 9.999743716e-01 -5.888343842e-03 -2.562839410e-05 -5.888343842e-03
 6.165950019e+03 9.999721415e-01 -6.165846062e-03 -2.785852280e-05 -6.165846062e-03
 6.309573445e+03 9.999709470e-01 -6.309463299e-03 -2.905301809e-05 -6.309463299e-03
 6.606934480e+03 9.999683865e-01 -6.606810684e-03 -3.161354384e-05 -6.606810684e-03
 6.918309709e+03 9.999655789e-01 -6.918170367e-03 -3.442110072e-05 -6.918170367e-03
 7.079457844e+03 9.999640751e-01 -7.079309933e-03 -3.592487615e-05 -7.079309933e-03
 7.413102413e+03 9.999608516e-01 -7.412935583e-03 -3.914837547e-05 -7.412935583e-03
 7.585775750e+03 9.999591251e-01 -7.585598485e-03 -4.087493649e-05 -7.585598485e-03
 7.943282347e+03 9.999554240e-01 -7.943082029e-03 -4.457599931e-05 -7.943082029e-03
 8.317637711e+03 9.999513659e-01 -8.317411074e-03 -4.863412612e-05 -8.317411074e-03
 8.511380382e+03 9.999491923e-01 -8.511139216e-03 -5.080772710e-05 -8.511139216e-03
 8.912509381e+03 9.999445329e-01 -8.912236086e-03 -5.546706488e-05 -8.912236086e-03
 9.120108394e+03 9.999420373e-01 -9.119817352e-03 -5.796268399e-05 -9.119817352e-03
 9.549925860e+03 9.999366877e-01 -9.549595557e-03 -6.331229947e-05 -9.549595557e-03
 1.000000000e+04 9.999308220e-01 -9.999624801e-03 -6.917801975e-05 -9.999624801e-03
 1.023292992e+04 9.999276802e-01 -1.023252991e-02 -7.231979602e-05 -1.023252991e-02
 1.071519305e+04 9.999209455e-01 -1.071473810e-02 -7.905451220e-05 -1.071473810e-02
 1.122018454e+04 9.999135610e-01 -1.121966672e-02 -8.643895558e-05 -1.121966672e-02
 1.148153622e+04 9.999096058e-01 -1.148098363e-02 -9.039418262e-05 -1.148098363e-02
 1.202264435e+04 9.999011274e-01 -1.202201475e-02 -9.887260763e-05 -1.202201475e-02
 1.230268771e+04 9.998965862e-01 -1.230201551e-02 -1.034137870e-04 -1.230201551e-02
 1.288249552e+04 9.998868518e-01 -1.288172893e-02 -1.131482549e-04 -1.288172893e-02
 1.348962883e+04 9.998761782e-01 -1.348875412e-02 -1.238218323e-04 -1.348875412e-02
 1.380384265e+04 9.998704612e-01 -1.380290810e-02 -1.295387653e-04 -1.380290810e-02
 1.445439771e+04 9.998582064e-01 -1.445333055e-02 -1.417935665e-04 -1.445333055e-02
 1.479108388e+04 9.998516426e-01 -1.478994332e-02 -1.483574236e-04 -1.478994332e-02
 1.548816619e+04 9.998375723e-01 -1.548686290e-02 -1.624276791e-04 -1.548686290e-02
 1.621810097e+04 9.998221447e-01 -1.621661115e-02 -1.778552937e-04 -1.621661115e-02
 1.659586907e+04 9.998138815e-01 -1.659427598e-02 -1.861185475e-04 -1.659427598e-02
 1.737800829e+04 9.997961684e-01 -1.737618618e-02 -2.038315991e-04 -1.737618618e-02
 1.778279410e+04 9.997866810e-01 -1.778084519e-02 -2.133189577e-04 -1.778084519e-02
 1.862087137e+04 9.997663440e-01 -1.861864124e-02 -2.336559719e-04 -1.861864124e-02
 1.949844600e+04 9.997440452e-01 -1.949589335e-02 -2.559548267e-04 -1.949589335e-02
 1.995262315e+04 9.997321016e-01 -1.994989187e-02 -2.678983848e-04 -1.994989187e-02
 2.089296131e+04 9.997064996e-01 -2.088983382e-02 -2.935004359e-04 -2.088983382e-02
 2.137962090e+04 9.996927868e-01 -2.137627395e-02 -3.072132117e-04 -2.137627395e-02
 2.238721139e+04 9.996633923e-01 -2.238337763e-02 -3.366076933e-04 -2.238337763e-02
 2.344228815e+04 9.996311624e-01 -2.343789588e-02 -3.688376045e-04 -2.343789588e-02
 2.398832919e+04 9.996138997e-01 -2.398362752e-02 -3.861003002e-04 -2.398362752e-02
 2.511886431e+04 9.995768958e-01 -2.511347622e-02 -4.231042286e-04 -2.511347622e-02
 2.570395783e+04 9.995570761e-01 -2.569818945e-02 -4.429239042e-04 -2.569818945e-02
 2.691534804e+04 9.995145912e-01 -2.690873592e-02 -4.854088321e-04 -2.690873592e-02
 2.818382931e+04 9.994680084e-01 -2.817624897e-02 -5.319915905e-04 -2.817624897e-02
 2.884031503e+04 9.994430583e-01 -2.883219824e-02 -5.569416917e-04 -2.883219824e-02
 3.019951720e+04 9.993895762e-01 -3.019021008e-02 -6.104238467e-04 -3.019021008e-02
 3.090295432e+04 9.993609308e-01 -3.089298766e-02 -6.390692442e-04 -3.089298766e-02
 3.235936569e+04 9.992995277e-01 -3.234793551e-02 -7.004723269e-04 -3.234793551e-02
 3.388441561e+04 9.992322027e-01 -3.387130569e-02 -7.677972978e-04 -3.387130569e-02
 3.467368504e+04 9.991961432e-01 -3.465964435e-02 -8.038568072e-04 -3.465964435e-02
 3.630780548e+04 9.991188480e-01 -3.629169927e-02 -8.811520197e-04 -3.629169927e-02
 3.715352291e+04 9.990774485e-01 -3.713627213e-02 -9.225514692e-04 -3.713627213e-02
 3.890451450e+04 9.989887073e-01 -3.888472367e-02 -1.011292714e-03 -3.888472367e-02
 4.073802778e+04 9.988914090e-01 -4.071532133e-02 -1.108591018e-03 -4.071532133e-02
 4.168693835e+04 9.988392962e-01 -4.166261617e-02 -1.160703755e-03 -4.166261617e-02
 4.365158322e+04 9.987275916e-01 -4.362367527e-02 -1.272408382e-03 -4.362367527e-02
 4.466835921e+04 9.986677632e-01 -4.463846411e-02 -1.332236779e-03 -4.463846411e-02
 4.677351413e+04 9.985395207e-01 -4.673920886e-02 -1.460479284e-03 -4.673920886e-02
 4.897788194e+04 9.983989151e-01 -4.893851401e-02 -1.601084909e-03 -4.893851401e-02
 5.011872336e+04 9.983236083e-01 -5.007654976e-02 -1.676391684e-03 -5.007654976e-02
 5.248074603e+04 9.981621898e-01 -5.243234545e-02 -1.837810199e-03 -5.243234545e-02
 5.370317964e+04 9.980757366e-01 -5.365132809e-02 -1.924263425e-03 -5.365132809e-02
 5.623413252e+04 9.978904275e-01 -5.617462170e-02 -2.109572490e-03 -5.617462170e-02
 5.888436554e+04 9.976872600e-01 -5.881606178e-02 -2.312740003e-03 -5.881606178e-02
 6.025595861e+04 9.975784484e-01 -6.018278171e-02 -2.421551574e-03 -6.018278171e-02
 6.309573445e+04 9.973452193e-01 -6.301174164e-02 -2.654780726e-03 -6.301174164e-02
 6.456542290e+04 9.972203089e-01 -6.447543575e-02 -2.779691120e-03 -6.447543575e-02
 6.760829754e+04 9.969525766e-01 -6.750500581e-02 -3.047423416e-03 -6.750500581e-02
 7.079457844e+04 9.966590555e-01 -7.067601232e-02 -3.340944539e-03 -7.067601232e-02
 7.244359601e+04 9.965018582e-01 -7.231656445e-02 -3.498141774e-03 -7.231656445e-02
 7.585775750e+04 9.961649312e-01 -7.571193649e-02 -3.835068836e-03 -7.571193649e-02
 7.762471166e+04 9.959844906e-01 -7.746847700e-02 -4.015509358e-03 -7.746847700e-02
 8.128305162e+04 9.955977525e-01 -8.110370321e-02 -4.402247477e-03 -8.110370321e-02
 8.511380382e+04 9.951737895e-01 -8.490791888e-02 -4.826210508e-03 -8.490791888e-02
 8.709635900e+04 9.949467448e-01 -8.687576661e-02 -5.053255198e-03 -8.687576661e-02
 9.120108394e+04 9.944601382e-01 -9.094784716e-02 -5.539861785e-03 -9.094784716e-02
 9.332543008e+04 9.941995525e-01 -9.305410060e-02 -5.800447518e-03 -9.305410060e-02
 9.772372210e+04 9.936410752e-01 -9.741223417e-02 -6.358924795e-03 -9.741223417e-02
 1.023292992e+05 9.930288991e-01 -1.019717053e-01 -6.971100904e-03 -1.019717053e-01
 1.047128548e+05 9.927010851e-01 -1.043297071e-01 -7.298914867e-03 -1.043297071e-01
 1.096478196e+05 9.919985653e-01 -1.092079527e-01 -8.001434742e-03 -1.092079527e-01
 1.148153622e+05 9.912285567e-01 -1.143103753e-01 -8.771443251e-03 -1.143103753e-01
 1.174897555e+05 9.908162511e-01 -1.169486766e-01 -9.183748878e-03 -1.169486766e-01
 1.230268771e+05 9.899327230e-01 -1.224056877e-01 -1.006727702e-02 -1.224056877e-01
 1.258925412e+05 9.894596542e-01 -1.252269512e-01 -1.054034584e-02 -1.252269512e-01
 1.318256739e+05 9.884459676e-01 -1.310615318e-01 -1.155403236e-02 -1.310615318e-01
 1.380384265e+05 9.873350898e-01 -1.371611357e-01 -1.266491019e-02 -1.371611357e-01
 1.412537545e+05 9.867403456e-01 -1.403137520e-01 -1.325965437e-02 -1.403137520e-01
 1.479108388e+05 9.854660637e-01 -1.468316408e-01 -1.453393629e-02 -1.468316408e-01
 1.513561248e+05 9.847838816e-01 -1.501997791e-01 -1.521611844e-02 -1.501997791e-01
 1.584893193e+05 9.833223652e-01 -1.571617362e-01 -1.667763476e-02 -1.571617362e-01
 1.659586907e+05 9.817211225e-01 -1.644345098e-01 -1.827887749e-02 -1.644345098e-01
 1.698243653e+05 9.808640194e-01 -1.681912225e-01 -1.913598059e-02 -1.681912225e-01
 1.778279410e+05 9.790280245e-01 -1.759529486e-01 -2.097197550e-02 -1.759529486e-01
 1.819700859e+05 9.780453619e-01 -1.799610524e-01 -2.195463809e-02 -1.799610524e-01
 1.905460718e+05 9.759406363e-01 -1.882395255e-01 -2.405936374e-02 -1.882395255e-01
 1.995262315e+05 9.736355476e-01 -1.968781196e-01 -2.636445242e-02 -1.968781196e-01
 2.041737945e+05 9.724020645e-01 -2.013363789e-01 -2.759793550e-02 -2.013363789e-01
 2.137962090e+05 9.697607030e-01 -2.105386308e-01 -3.023929696e-02 -2.105386308e-01
 2.187761624e+05 9.683474842e-01 -2.152857240e-01 -3.165251585e-02 -2.152857240e-01
 2.290867653e+05 9.653217314e-01 -2.250794995e-01 -3.467826859e-02 -2.250794995e-01
 2.398832919e+05 9.620097726e-01 -2.352827090e-01 -3.799022742e-02 -2.352827090e-01
 2.454708916e+05 9.602382949e-01 -2.405414965e-01 -3.976170511e-02 -2.405414965e-01
 2.570395783e+05 9.564467605e-01 -2.513804265e-01 -4.355323953e-02 -2.513804265e-01
 2.630267992e+05 9.544192203e-01 -2.569632349e-01 -4.558077971e-02 -2.569632349e-01
 2.754228703e+05 9.500806946e-01 -2.684618002e-01 -4.991930541e-02 -2.684618002e-01
 2.884031503e+05 9.453357543e-01 -2.804118818e-01 -5.466424573e-02 -2.804118818e-01
 2.951209227e+05 9.427995341e-01 -2.865587908e-01 -5.720046593e-02 -2.865587908e-01
 3.090295432e+05 9.373752824e-01 -2.992006258e-01 -6.262471765e-02 -2.992006258e-01
 3.162277660e+05 9.344769437e-01 -3.056969338e-01 -6.552305632e-02 -3.056969338e-01
 3.311311215e+05 9.282805516e-01 -3.190428194e-01 -7.171944838e-02 -3.190428194e-01
 3.467368505e+05 9.215123594e-01 -3.328613016e-01 -7.848764061e-02 -3.328613016e-01
 3.548133892e+05 9.178984507e-01 -3.399477061e-01 -8.210154933e-02 -3.399477061e-01
 3.715352291e+05 9.101782612e-01 -3.544729791e-01 -8.982173883e-02 -3.544729791e-01
 3.801893963e+05 9.060581887e-01 -3.619104191e-01 -9.394181131e-02 -3.619104191e-01
 3.981071705e+05 8.972618460e-01 -3.771293867e-01 -1.027381540e-01 -3.771293867e-01
 4.168693835e+05 8.876728172e-01 -3.927963367e-01 -1.123271828e-01 -3.927963367e-01
 4.265795188e+05 8.825609990e-01 -4.007925037e-01 -1.174390010e-01 -4.007925037e-01
 4.466835921e+05 8.716606201e-01 -4.170963283e-01 -1.283393799e-01 -4.170963283e-01
 4.570881896e+05 8.658545260e-01 -4.253971623e-01 -1.341454740e-01 -4.253971623e-01
 4.786300923e+05 8.534850850e-01 -4.422760748e-01 -1.465149150e-01 -4.422760748e-01
 5.011872336e+05 8.400430785e-01 -4.594910423e-01 -1.599569215e-01 -4.594910423e-01
 5.128613840e+05 8.328956255e-01 -4.682097562e-01 -1.671043745e-01 -4.682097562e-01
 5.370317964e+05 8.176980984e-01 -4.858344185e-01 -1.823019016e-01 -4.858344185e-01
 5.495408739e+05 8.096278280e-01 -4.947241490e-01 -1.903721720e-01 -4.947241490e-01
 5.754399373e+05 7.924933942e-01 -5.126120439e-01 -2.075066058e-01 -5.126120439e-01
 6.025595861e+05 7.739660625e-01 -5.305728473e-01 -2.260339375e-01 -5.305728473e-01
 6.165950019e+05 7.641549970e-01 -5.395502910e-01 -2.358450030e-01 -5.395502910e-01
 6.456542290e+05 7.433895074e-01 -5.574300944e-01 -2.566104926e-01 -5.574300944e-01
 6.606934480e+05 7.324165193e-01 -5.663016583e-01 -2.675834807e-01 -5.663016583e-01
 6.918309709e+05 7.092467448e-01 -5.838228740e-01 -2.907532552e-01 -5.838228740e-01
 7.244359601e+05 6.843940258e-01 -6.009211903e-01 -3.156059742e-01 -6.009211903e-01
 7.413102413e+05 6.713200807e-01 -6.092597084e-01 -3.286799193e-01 -6.092597084e-01
 7.762471166e+05 6.438520547e-01 -6.254009223e-01 -3.561479453e-01 -6.254009223e-01
 7.943282347e+05 6.294513500e-01 -6.331542493e-01 -3.705486500e-01 -6.331542493e-01
 8.317637711e+05 5.993100976e-01 -6.478943405e-01 -4.006899024e-01 -6.478943405e-01
 8.709635900e+05 5.673923086e-01 -6.614239097e-01 -4.326076914e-01 -6.614239097e-01
 8.912509381e+05 5.507778348e-01 -6.676605338e-01 -4.492221652e-01 -6.676605338e-01
 9.332543008e+05 5.162773169e-01 -6.789222425e-01 -4.837226831e-01 -6.789222425e-01
 9.549925860e+05 4.984141531e-01 -6.838835815e-01 -5.015858469e-01 -6.838835815e-01
 1.000000000e+06 4.615385946e-01 -6.923058631e-01 -5.384614054e-01 -6.923058631e-01
 1.047128548e+06 4.232653621e-01 -6.985134497e-01 -5.767346379e-01 -6.985134497e-01
 1.071519305e+06 4.036661684e-01 -7.007082760e-01 -5.963338316e-01 -7.007082760e-01
 1.122018454e+06 3.636923928e-01 -7.031315396e-01 -6.363076072e-01 -7.031315396e-01
 1.174897555e+06 3.229201841e-01 -7.027531510e-01 -6.770798159e-01 -7.027531510e-01
 1.202264435e+06 3.023341036e-01 -7.014538433e-01 -6.976658964e-01 -7.014538433e-01
 1.258925412e+06 2.609850918e-01 -6.965395570e-01 -7.390149082e-01 -6.965395570e-01
 1.288249552e+06 2.403187447e-01 -6.928961724e-01 -7.596812553e-01 -6.928961724e-01
 1.348962883e+06 1.992587826e-01 -6.831942881e-01 -8.007412174e-01 -6.831942881e-01
 1.412537545e+06 1.589208065e-01 -6.702648263e-01 -8.410791935e-01 -6.702648263e-01
 1.445439771e+06 1.391596506e-01 -6.626041815e-01 -8.608403494e-01 -6.626041815e-01
 1.513561248e+06 1.007266499e-01 -6.449619534e-01 -8.992733501e-01 -6.449619534e-01
 1.548816619e+06 8.216156468e-02 -6.350233336e-01 -9.178384353e-01 -6.350233336e-01
 1.621810097e+06 4.658789668e-02 -6.130541249e-01 -9.534121033e-01 -6.130541249e-01
 1.698243653e+06 1.339742338e-02 -5.885381838e-01 -9.866025766e-01 -5.885381838e-01
 1.737800829e+06 -2.201343931e-03 -5.754310333e-01 -1.002201344e+00 -5.754310333e-01
 1.819700859e+06 -3.123577709e-02 -5.477592036e-01 -1.031235777e+00 -5.477592036e-01
 1.862087137e+06 -4.461708955e-02 -5.332985688e-01 -1.044617090e+00 -5.332985688e-01
 1.949844600e+06 -6.900891154e-02 -5.034008387e-01 -1.069008912e+00 -5.034008387e-01
 2.041737945e+06 -9.016682204e-02 -4.725746596e-01 -1.090166822e+00 -4.725746596e-01
 2.089296131e+06 -9.952465777e-02 -4.569531640e-01 -1.099524658e+00 -4.569531640e-01
 2.187761624e+06 -1.158235418e-01 -4.255647720e-01 -1.115823542e+00 -4.255647720e-01
 2.238721139e+06 -1.227881704e-01 -4.099013563e-01 -1.122788170e+00 -4.099013563e-01
 2.344228815e+06 -1.344365191e-01 -3.788772234e-01 -1.134436519e+00 -3.788772234e-01
 2.454708916e+06 -1.432013370e-01 -3.485449995e-01 -1.143201337e+00 -3.485449995e-01
 2.511886431e+06 -1.465717971e-01 -3.337344178e-01 -1.146571797e+00 -3.337344178e-01
 2.630267992e+06 -1.514456566e-01 -3.049864302e-01 -1.151445657e+00 -3.049864302e-01
 2.691534804e+06 -1.530160315e-01 -2.911033159e-01 -1.153016031e+00 -2.911033159e-01
 2.818382931e+06 -1.545971072e-01 -2.644284794e-01 -1.154597107e+00 -2.644284794e-01
 2.951209227e+06 -1.543327574e-01 -2.393160872e-01 -1.154332757e+00 -2.393160872e-01
 3.019951720e+06 -1.535954668e-01 -2.273743330e-01 -1.153595467e+00 -2.273743330e-01
 3.162277660e+06 -1.510789246e-01 -2.047518957e-01 -1.151078925e+00 -2.047518957e-01
 3.235936569e+06 -1.493640990e-01 -1.940764990e-01 -1.149364099e+00 -1.940764990e-01
 3.388441561e+06 -1.451733806e-01 -1.739940809e-01 -1.145173381e+00 -1.739940809e-01
 3.548133892e+06 -1.401546448e-01 -1.555767259e-01 -1.140154645e+00 -1.555767259e-01
 3.630780548e+06 -1.373992607e-01 -1.469768866e-01 -1.137399261e+00 -1.469768866e-01
 3.801893963e+06 -1.315120956e-01 -1.309529676e-01 -1.131512096e+00 -1.309529676e-01
 3.890451450e+06 -1.284219772e-01 -1.235092660e-01 -1.128421977e+00 -1.235092660e-01
 4.073802778e+06 -1.220415929e-01 -1.097040734e-01 -1.122041593e+00 -1.097040734e-01
 4.265795188e+06 -1.155014944e-01 -9.726382143e-02 -1.115501494e+00 -9.726382143e-02
 4.365158322e+06 -1.122066519e-01 -9.152521185e-02 -1.112206652e+00 -9.152521185e-02
 4.570881896e+06 -1.056265537e-01 -8.094922389e-02 -1.105626554e+00 -8.094922389e-02
 4.677351413e+06 -1.023614944e-01 -7.608713943e-02 -1.102361494e+00 -7.608713943e-02
 4.897788194e+06 -9.592396122e-02 -6.715386487e-02 -1.095923961e+00 -6.715386487e-02
 5.128613840e+06 -8.965565666e-02 -5.919616681e-02 -1.089655657e+00 -5.919616681e-02
 5.248074603e+06 -8.659897711e-02 -5.555453074e-02 -1.086598977e+00 -5.555453074e-02
 5.495408739e+06 -8.066208757e-02 -4.889112172e-02 -1.080662088e+00 -4.889112172e-02
 5.623413252e+06 -7.778853808e-02 -4.584854754e-02 -1.077788538e+00 -4.584854754e-02
 5.888436554e+06 -7.224365351e-02 -4.029237148e-02 -1.072243653e+00 -4.029237148e-02
 6.165950019e+06 -6.697929334e-02 -3.538011841e-02 -1.066979293e+00 -3.538011841e-02
 6.309573445e+06 -6.445484856e-02 -3.314385519e-02 -1.064454849e+00 -3.314385519e-02
 6.606934480e+06 -5.962344874e-02 -2.907109082e-02 -1.059623449e+00 -2.907109082e-02
 6.760829754e+06 -5.731642523e-02 -2.721969344e-02 -1.057316425e+00 -2.721969344e-02
 7.079457844e+06 -5.291774881e-02 -2.385225994e-02 -1.052917749e+00 -2.385225994e-02
 7.413102413e+06 -4.880128840e-02 -2.088975033e-02 -1.048801288e+00 -2.088975033e-02
 7.585775750e+06 -4.684644072e-02 -1.954570523e-02 -1.046846441e+00 -1.954570523e-02
 7.943282347e+06 -4.313752004e-02 -1.710539866e-02 -1.043137520e+00 -1.710539866e-02
 8.128305162e+06 -4.138076328e-02 -1.599933193e-02 -1.041380763e+00 -1.599933193e-02
 8.511380382e+06 -3.805541401e-02 -1.399284151e-02 -1.038055414e+00 -1.399284151e-02
 8.912509381e+06 -3.497070693e-02 -1.223337167e-02 -1.034970707e+00 -1.223337167e-02
 9.120108394e+06 -3.351463122e-02 -1.143693563e-02 -1.033514631e+00 -1.143693563e-02
 9.549925860e+06 -3.076695512e-02 -9.993836766e-03 -1.030766955e+00 -9.993836766e-03
 9.772372210e+06 -2.947210692e-02 -9.341026122e-03 -1.029472107e+00 -9.341026122e-03
 1.023292992e+07 -2.703230766e-02 -8.158849623e-03 -1.027032308e+00 -8.158849623e-03
 1.071519305e+07 -2.478174710e-02 -7.124462323e-03 -1.024781747e+00 -7.124462323e-03
 1.096478196e+07 -2.372352125e-02 -6.656948680e-03 -1.023723521e+00 -6.656948680e-03
 1.148153621e+07 -2.173357611e-02 -5.810993823e-03 -1.021733576e+00 -5.810993823e-03
 1.202264435e+07 -1.990251233e-02 -5.071520082e-03 -1.019902512e+00 -5.071520082e-03
 1.230268771e+07 -1.904300910e-02 -4.737527405e-03 -1.019043009e+00 -4.737527405e-03
 1.288249552e+07 -1.742925615e-02 -4.133547807e-03 -1.017429256e+00 -4.133547807e-03
 1.318256739e+07 -1.667239185e-02 -3.860844650e-03 -1.016672392e+00 -3.860844650e-03
 1.380384265e+07 -1.525242422e-02 -3.367848447e-03 -1.015252424e+00 -3.367848447e-03
 1.445439771e+07 -1.394954785e-02 -2.937399133e-03 -1.013949548e+00 -2.937399133e-03
 1.479108388e+07 -1.333918478e-02 -2.743136746e-03 -1.013339185e+00 -2.743136746e-03
 1.548816619e+07 -1.219525678e-02 -2.392093508e-03 -1.012195257e+00 -2.392093508e-03
 1.584893193e+07 -1.165965742e-02 -2.233703465e-03 -1.011659657e+00 -2.233703465e-03
 1.659586907e+07 -1.065636120e-02 -1.947542748e-03 -1.010656361e+00 -1.947542748e-03
 1.737800829e+07 -9.737557172e-03 -1.697881885e-03 -1.009737557e+00 -1.697881885e-03
 1.778279410e+07 -9.307694511e-03 -1.585270935e-03 -1.009307694e+00 -1.585270935e-03
 1.862087137e+07 -8.503030031e-03 -1.381876553e-03 -1.008503030e+00 -1.381876553e-03
 1.905460718e+07 -8.126710665e-03 -1.290148709e-03 -1.008126711e+00 -1.290148709e-03
 1.995262315e+07 -7.422517924e-03 -1.124496145e-03 -1.007422518e+00 -1.124496145e-03
 2.089296131e+07 -6.778464306e-03 -9.800494226e-04 -1.006778464e+00 -9.800494226e-04
 2.137962089e+07 -6.477415900e-03 -9.149201714e-04 -1.006477416e+00 -9.149201714e-04
 2.238721139e+07 -5.914343299e-03 -7.973253292e-04 -1.005914343e+00 -7.973253292e-04
 2.290867653e+07 -5.651215870e-03 -7.443089452e-04 -1.005651216e+00 -7.443089452e-04
 2.398832919e+07 -5.159185714e-03 -6.485939010e-04 -1.005159186e+00 -6.485939010e-04
 2.511886432e+07 -4.709573558e-03 -5.651621445e-04 -1.004709574e+00 -5.651621445e-04
 2.570395783e+07 -4.499542114e-03 -5.275534039e-04 -1.004499542e+00 -5.275534039e-04
 2.691534804e+07 -4.106925765e-03 -4.596642099e-04 -1.004106926e+00 -4.596642099e-04
 2.754228703e+07 -3.923551856e-03 -4.290638845e-04 -1.003923552e+00 -4.290638845e-04
 2.884031503e+07 -3.580822443e-03 -3.738295705e-04 -1.003580822e+00 -3.738295705e-04
 3.019951720e+07 -3.267829510e-03 -3.256956445e-04 -1.003267829e+00 -3.256956445e-04
 3.090295432e+07 -3.121680108e-03 -3.040020086e-04 -1.003121680e+00 -3.040020086e-04
 3.235936569e+07 -2.848585124e-03 -2.648480952e-04 -1.002848585e+00 -2.648480952e-04
 3.311311215e+07 -2.721081288e-03 -2.472025863e-04 -1.002721081e+00 -2.472025863e-04
 3.467368505e+07 -2.482853915e-03 -2.153564258e-04 -1.002482854e+00 -2.153564258e-04
 3.630780548e+07 -2.265386605e-03 -1.876088901e-04 -1.002265387e+00 -1.876088901e-04
 3.715352291e+07 -2.163871621e-03 -1.751047774e-04 -1.002163872e+00 -1.751047774e-04
 3.890451450e+07 -1.974230851e-03 -1.525391128e-04 -1.001974231e+00 -1.525391128e-04
 3.981071705e+07 -1.885712890e-03 -1.423705076e-04 -1.001885713e+00 -1.423705076e-04
 4.168693835e+07 -1.720364598e-03 -1.240202198e-04 -1.001720365e+00 -1.240202198e-04
 4.365158322e+07 -1.569468671e-03 -1.080335316e-04 -1.001569469e+00 -1.080335316e-04
 4.466835922e+07 -1.499043703e-03 -1.008299136e-04 -1.001499044e+00 -1.008299136e-04
 4.677351413e+07 -1.367506413e-03 -8.783081917e-05 -1.001367506e+00 -8.783081917e-05
 4.786300923e+07 -1.306119911e-03 -8.197355551e-05 -1.001306120e+00 -8.197355551e-05
 5.011872336e+07 -1.191470406e-03 -7.140421961e-05 -1.001191470e+00 -7.140421961e-05
 5.248074602e+07 -1.086862593e-03 -6.219701867e-05 -1.001086863e+00 -6.219701867e-05
 5.370317964e+07 -1.038047599e-03 -5.804848387e-05 -1.001038048e+00 -5.804848387e-05
 5.623413252e+07 -9.468841502e-04 -5.056274816e-05 -1.000946884e+00 -5.056274816e-05
 5.754399373e+07 -9.043446386e-04 -4.718991890e-05 -1.000904345e+00 -4.718991890e-05
 6.025595861e+07 -8.249037340e-04 -4.110398056e-05 -1.000824904e+00 -4.110398056e-05
 6.309573445e+07 -7.524306328e-04 -3.580267538e-05 -1.000752431e+00 -3.580267538e-05
 6.456542290e+07 -7.186144553e-04 -3.341413487e-05 -1.000718614e+00 -3.341413487e-05
 6.760829754e+07 -6.554672347e-04 -2.910433900e-05 -1.000655467e+00 -2.910433900e-05
 6.918309709e+07 -6.260033560e-04 -2.716255241e-05 -1.000626003e+00 -2.716255241e-05
 7.244359601e+07 -5.709848608e-04 -2.365889971e-05 -1.000570985e+00 -2.365889971e-05
 7.585775750e+07 -5.207967983e-04 -2.060707726e-05 -1.000520797e+00 -2.060707726e-05
 7.762471166e+07 -4.973804338e-04 -1.923209497e-05 -1.000497380e+00 -1.923209497e-05
 8.128305162e+07 -4.536561114e-04 -1.675118864e-05 -1.000453656e+00 -1.675118864e-05
 8.317637711e+07 -4.332559389e-04 -1.563343847e-05 -1.000433256e+00 -1.563343847e-05
 8.709635900e+07 -3.951642788e-04 -1.361667544e-05 -1.000395164e+00 -1.361667544e-05
 9.120108394e+07 -3.604191977e-04 -1.186004138e-05 -1.000360419e+00 -1.186004138e-05
 9.332543008e+07 -3.442088407e-04 -1.106861437e-05 -1.000344209e+00 -1.106861437e-05
 9.772372210e+07 -3.139412290e-04 -9.640652380e-06 -1.000313941e+00 -9.640652380e-06
 1.000000000e+08 -2.998200267e-04 -8.997307543e-06 -1.000299820e+00 -8.997307543e-06
