 v-sweep v(n_filt_out) v(n_sk_p) v(n_filt_out)
 -1.500000000e+01 2.499044979e-02 -1.499999895e+01 2.499044979e-02
 -1.489500000e+01 2.499044980e-02 -1.489499896e+01 2.499044980e-02
 -1.488000000e+01 2.499044980e-02 -1.487999896e+01 2.499044980e-02
 -1.477500000e+01 2.499044981e-02 -1.477499896e+01 2.499044981e-02
 -1.476000000e+01 2.499044982e-02 -1.475999897e+01 2.499044982e-02
 -1.465500000e+01 2.499044983e-02 -1.465499897e+01 2.499044983e-02
 -1.464000000e+01 2.499044983e-02 -1.463999897e+01 2.499044983e-02
 -1.453500000e+01 2.499044984e-02 -1.453499898e+01 2.499044984e-02
 -1.452000000e+01 2.499044984e-02 -1.451999898e+01 2.499044984e-02
 -1.441500000e+01 2.499044985e-02 -1.441499899e+01 2.499044985e-02
 -1.440000000e+01 2.499044985e-02 -1.439999899e+01 2.499044985e-02
 -1.429500000e+01 2.499044986e-02 -1.429499900e+01 2.499044986e-02
 -1.428000000e+01 2.499044986e-02 -1.427999900e+01 2.499044986e-02
 -1.417500000e+01 2.499044988e-02 -1.417499901e+01 2.499044988e-02
 -1.416000000e+01 2.499044988e-02 -1.415999901e+01 2.499044988e-02
 -1.405500000e+01 2.499044989e-02 -1.405499901e+01 2.499044989e-02
 -1.404000000e+01 2.499044989e-02 -1.403999902e+01 2.499044989e-02
 -1.393500000e+01 2.499044990e-02 -1.393499902e+01 2.499044990e-02
 -1.392000000e+01 2.499044990e-02 -1.391999902e+01 2.499044990e-02
 -1.381500000e+01 2.499044991e-02 -1.381499903e+01 2.499044991e-02
 -1.380000000e+01 2.499044991e-02 -1.379999903e+01 2.499044991e-02
 -1.369500000e+01 2.499044992e-02 -1.369499904e+01 2.499044992e-02
 -1.368000000e+01 2.499044992e-02 -1.367999904e+01 2.499044992e-02
 -1.357500000e+01 2.499044993e-02 -1.357499905e+01 2.499044993e-02
 -1.356000000e+01 2.499044994e-02 -1.355999905e+01 2.499044994e-02
 -1.345500000e+01 2.499044995e-02 -1.345499906e+01 2.499044995e-02
 -1.344000000e+01 2.499044995e-02 -1.343999906e+01 2.499044995e-02
 -1.333500000e+01 2.499044996e-02 -1.333499907e+01 2.499044996e-02
 -1.332000000e+01 2.499044996e-02 -1.331999907e+01 2.499044996e-02
 -1.321500000e+01 2.499044997e-02 -1.321499907e+01 2.499044997e-02
 -1.320000000e+01 2.499044997e-02 -1.319999907e+01 2.499044997e-02
 -1.309500000e+01 2.499044998e-02 -1.309499908e+01 2.499044998e-02
 -1.308000000e+01 2.499044998e-02 -1.307999908e+01 2.499044998e-02
 -1.297500000e+01 2.499045000e-02 -1.297499909e+01 2.499045000e-02
 -1.296000000e+01 2.499045000e-02 -1.295999909e+01 2.499045000e-02
 -1.285500000e+01 2.499045001e-02 -1.285499910e+01 2.499045001e-02
 -1.284000000e+01 2.499045001e-02 -1.283999910e+01 2.499045001e-02
 -1.273500000e+01 2.499045002e-02 -1.273499911e+01 2.499045002e-02
 -1.272000000e+01 2.499045002e-02 -1.271999911e+01 2.499045002e-02
 -1.261500000e+01 2.499045003e-02 -1.261499912e+01 2.499045003e-02
 -1.260000000e+01 2.499045003e-02 -1.259999912e+01 2.499045003e-02
 -1.249500000e+01 2.499045004e-02 -1.249499912e+01 2.499045004e-02
 -1.248000000e+01 2.499045004e-02 -1.247999913e+01 2.499045004e-02
 -1.237500000e+01 2.499045005e-02 -1.237499913e+01 2.499045005e-02
 -1.236000000e+01 2.499045006e-02 -1.235999913e+01 2.499045006e-02
 -1.225500000e+01 2.499045007e-02 -1.225499914e+01 2.499045007e-02
 -1.224000000e+01 2.499045007e-02 -1.223999914e+01 2.499045007e-02
 -1.213500000e+01 2.499045008e-02 -1.213499915e+01 2.499045008e-02
 -1.212000000e+01 2.499045008e-02 -1.211999915e+01 2.499045008e-02
 -1.201500000e+01 2.499045009e-02 -1.201499916e+01 2.499045009e-02
 -1.200000000e+01 2.499045009e-02 -1.199999916e+01 2.499045009e-02
 -1.189500000e+01 2.499045010e-02 -1.189499917e+01 2.499045010e-02
 -1.188000000e+01 2.499045010e-02 -1.187999917e+01 2.499045010e-02
 -1.177500000e+01 2.499045011e-02 -1.177499917e+01 2.499045011e-02
 -1.176000000e+01 2.499045012e-02 -1.175999918e+01 2.499045012e-02
 -1.165500000e+01 2.499045013e-02 -1.165499918e+01 2.499045013e-02
 -1.164000000e+01 2.499045013e-02 -1.163999919e+01 2.499045013e-02
 -1.153500000e+01 2.499045014e-02 -1.153499919e+01 2.499045014e-02
 -1.152000000e+01 2.499045014e-02 -1.151999919e+01 2.499045014e-02
 -1.141500000e+01 2.499045015e-02 -1.141499920e+01 2.499045015e-02
 -1.140000000e+01 2.499045015e-02 -1.139999920e+01 2.499045015e-02
 -1.129500000e+01 2.499045016e-02 -1.129499921e+01 2.499045016e-02
 -1.128000000e+01 2.499045016e-02 -1.127999921e+01 2.499045016e-02
 -1.117500000e+01 2.499045018e-02 -1.117499922e+01 2.499045018e-02
 -1.116000000e+01 2.499045018e-02 -1.115999922e+01 2.499045018e-02
 -1.105500000e+01 2.499045019e-02 -1.105499922e+01 2.499045019e-02
 -1.104000000e+01 2.499045019e-02 -1.103999923e+01 2.499045019e-02
 -1.093500000e+01 2.499045020e-02 -1.093499923e+01 2.499045020e-02
 -1.092000000e+01 2.499045020e-02 -1.091999924e+01 2.499045020e-02
 -1.081500000e+01 2.499045021e-02 -1.081499924e+01 2.499045021e-02
 -1.080000000e+01 2.499045021e-02 -1.079999924e+01 2.499045021e-02
 -1.069500000e+01 2.499045022e-02 -1.069499925e+01 2.499045022e-02
 -1.068000000e+01 2.499045022e-02 -1.067999925e+01 2.499045022e-02
 -1.057500000e+01 2.499045023e-02 -1.057499926e+01 2.499045023e-02
 -1.056000000e+01 2.499045024e-02 -1.055999926e+01 2.499045024e-02
 -1.045500000e+01 2.499045025e-02 -1.045499927e+01 2.499045025e-02
 -1.044000000e+01 2.499045025e-02 -1.043999927e+01 2.499045025e-02
 -1.033500000e+01 2.499045026e-02 -1.033499928e+01 2.499045026e-02
 -1.032000000e+01 2.499045026e-02 -1.031999928e+01 2.499045026e-02
 -1.021500000e+01 2.499045027e-02 -1.021499928e+01 2.499045027e-02
 -1.020000000e+01 2.499045027e-02 -1.019999929e+01 2.499045027e-02
 -1.009500000e+01 2.499045028e-02 -1.009499929e+01 2.499045028e-02
 -1.008000000e+01 2.499045028e-02 -1.007999929e+01 2.499045028e-02
 -9.975000000e+00 2.499045030e-02 -9.974999301e+00 2.499045030e-02
 -9.960000000e+00 2.499045030e-02 -9.959999302e+00 2.499045030e-02
 -9.855000000e+00 2.499045031e-02 -9.854999310e+00 2.499045031e-02
 -9.840000000e+00 2.499045031e-02 -9.839999310e+00 2.499045031e-02
 -9.735000000e+00 2.499045032e-02 -9.734999318e+00 2.499045032e-02
 -9.720000000e+00 2.499045032e-02 -9.719999319e+00 2.499045032e-02
 -9.615000000e+00 2.499045033e-02 -9.614999326e+00 2.499045033e-02
 -9.600000000e+00 2.499045033e-02 -9.599999327e+00 2.499045033e-02
 -9.495000000e+00 2.499045034e-02 -9.494999335e+00 2.499045034e-02
 -9.480000000e+00 2.499045034e-02 -9.479999336e+00 2.499045034e-02
 -9.375000000e+00 2.499045035e-02 -9.374999343e+00 2.499045035e-02
 -9.360000000e+00 2.499045036e-02 -9.359999344e+00 2.499045036e-02
 -9.255000000e+00 2.499045037e-02 -9.254999352e+00 2.499045037e-02
 -9.240000000e+00 2.499045037e-02 -9.239999352e+00 2.499045037e-02
 -9.135000000e+00 2.499045038e-02 -9.134999360e+00 2.499045038e-02
 -9.120000000e+00 2.499045038e-02 -9.119999361e+00 2.499045038e-02
 -9.015000000e+00 2.499045039e-02 -9.014999368e+00 2.499045039e-02
 -9.000000000e+00 2.499045039e-02 -8.999999369e+00 2.499045039e-02
 -8.895000000e+00 2.499045040e-02 -8.894999377e+00 2.499045040e-02
 -8.880000000e+00 2.499045040e-02 -8.879999378e+00 2.499045040e-02
 -8.775000000e+00 2.499045042e-02 -8.774999385e+00 2.499045042e-02
 -8.760000000e+00 2.499045042e-02 -8.759999386e+00 2.499045042e-02
 -8.655000000e+00 2.499045043e-02 -8.654999394e+00 2.499045043e-02
 -8.640000000e+00 2.499045043e-02 -8.639999395e+00 2.499045043e-02
 -8.535000000e+00 2.499045044e-02 -8.534999402e+00 2.499045044e-02
 -8.520000000e+00 2.499045044e-02 -8.519999403e+00 2.499045044e-02
 -8.415000000e+00 2.499045045e-02 -8.414999410e+00 2.499045045e-02
 -8.400000000e+00 2.499045045e-02 -8.399999411e+00 2.499045045e-02
 -8.295000000e+00 2.499045046e-02 -8.294999419e+00 2.499045046e-02
 -8.280000000e+00 2.499045046e-02 -8.279999420e+00 2.499045046e-02
 -8.175000000e+00 2.499045047e-02 -8.174999427e+00 2.499045047e-02
 -8.160000000e+00 2.499045048e-02 -8.159999428e+00 2.499045048e-02
 -8.055000000e+00 2.499045049e-02 -8.054999435e+00 2.499045049e-02
 -8.040000000e+00 2.499045049e-02 -8.039999437e+00 2.499045049e-02
 -7.935000000e+00 2.499045050e-02 -7.934999444e+00 2.499045050e-02
 -7.920000000e+00 2.499045050e-02 -7.919999445e+00 2.499045050e-02
 -7.815000000e+00 2.499045051e-02 -7.814999452e+00 2.499045051e-02
 -7.800000000e+00 2.499045051e-02 -7.799999453e+00 2.499045051e-02
 -7.695000000e+00 2.499045052e-02 -7.694999461e+00 2.499045052e-02
 -7.680000000e+00 2.499045052e-02 -7.679999462e+00 2.499045052e-02
 -7.575000000e+00 2.499045054e-02 -7.574999469e+00 2.499045054e-02
 -7.560000000e+00 2.499045054e-02 -7.559999470e+00 2.499045054e-02
 -7.455000000e+00 2.499045055e-02 -7.454999478e+00 2.499045055e-02
 -7.440000000e+00 2.499045055e-02 -7.439999478e+00 2.499045055e-02
 -7.335000000e+00 2.499045056e-02 -7.334999486e+00 2.499045056e-02
 -7.320000000e+00 2.499045056e-02 -7.319999487e+00 2.499045056e-02
 -7.215000000e+00 2.499045057e-02 -7.214999494e+00 2.499045057e-02
 -7.200000000e+00 2.499045057e-02 -7.199999495e+00 2.499045057e-02
 -7.095000000e+00 2.499045058e-02 -7.094999503e+00 2.499045058e-02
 -7.080000000e+00 2.499045058e-02 -7.079999504e+00 2.499045058e-02
 -6.975000000e+00 2.499045060e-02 -6.974999511e+00 2.499045060e-02
 -6.960000000e+00 2.499045060e-02 -6.959999512e+00 2.499045060e-02
 -6.855000000e+00 2.499045061e-02 -6.854999519e+00 2.499045061e-02
 -6.840000000e+00 2.499045061e-02 -6.839999521e+00 2.499045061e-02
 -6.735000000e+00 2.499045062e-02 -6.734999528e+00 2.499045062e-02
 -6.720000000e+00 2.499045062e-02 -6.719999529e+00 2.499045062e-02
 -6.615000000e+00 2.499045063e-02 -6.614999536e+00 2.499045063e-02
 -6.600000000e+00 2.499045063e-02 -6.599999537e+00 2.499045063e-02
 -6.495000000e+00 2.499045064e-02 -6.494999545e+00 2.499045064e-02
 -6.480000000e+00 2.499045064e-02 -6.479999546e+00 2.499045064e-02
 -6.375000000e+00 2.499045065e-02 -6.374999553e+00 2.499045065e-02
 -6.360000000e+00 2.499045066e-02 -6.359999554e+00 2.499045066e-02
 -6.255000000e+00 2.499045067e-02 -6.254999562e+00 2.499045067e-02
 -6.240000000e+00 2.499045067e-02 -6.239999563e+00 2.499045067e-02
 -6.135000000e+00 2.499045068e-02 -6.134999570e+00 2.499045068e-02
 -6.120000000e+00 2.499045068e-02 -6.119999571e+00 2.499045068e-02
 -6.015000000e+00 2.499045069e-02 -6.014999578e+00 2.499045069e-02
 -6.000000000e+00 2.499045069e-02 -5.999999579e+00 2.499045069e-02
 -5.895000000e+00 2.499045070e-02 -5.894999587e+00 2.499045070e-02
 -5.880000000e+00 2.499045070e-02 -5.879999588e+00 2.499045070e-02
 -5.775000000e+00 2.499045072e-02 -5.774999595e+00 2.499045072e-02
 -5.760000000e+00 2.499045072e-02 -5.759999596e+00 2.499045072e-02
 -5.655000000e+00 2.499045073e-02 -5.654999604e+00 2.499045073e-02
 -5.640000000e+00 2.499045073e-02 -5.639999604e+00 2.499045073e-02
 -5.535000000e+00 2.499045074e-02 -5.534999612e+00 2.499045074e-02
 -5.520000000e+00 2.499045074e-02 -5.519999613e+00 2.499045074e-02
 -5.415000000e+00 2.499045075e-02 -5.414999620e+00 2.499045075e-02
 -5.400000000e+00 2.499045075e-02 -5.399999621e+00 2.499045075e-02
 -5.295000000e+00 2.499045076e-02 -5.294999629e+00 2.499045076e-02
 -5.280000000e+00 2.499045076e-02 -5.279999630e+00 2.499045076e-02
 -5.175000000e+00 2.499045077e-02 -5.174999637e+00 2.499045077e-02
 -5.160000000e+00 2.499045078e-02 -5.159999638e+00 2.499045078e-02
 -5.055000000e+00 2.499045079e-02 -5.054999645e+00 2.499045079e-02
 -5.040000000e+00 2.499045079e-02 -5.039999647e+00 2.499045079e-02
 -4.935000000e+00 2.499045080e-02 -4.934999654e+00 2.499045080e-02
 -4.920000000e+00 2.499045080e-02 -4.919999655e+00 2.499045080e-02
 -4.815000000e+00 2.499045081e-02 -4.814999662e+00 2.499045081e-02
 -4.800000000e+00 2.499045081e-02 -4.799999663e+00 2.499045081e-02
 -4.695000000e+00 2.499045082e-02 -4.694999671e+00 2.499045082e-02
 -4.680000000e+00 2.499045082e-02 -4.679999672e+00 2.499045082e-02
 -4.575000000e+00 2.499045084e-02 -4.574999679e+00 2.499045084e-02
 -4.560000000e+00 2.499045084e-02 -4.559999680e+00 2.499045084e-02
 -4.455000000e+00 2.499045085e-02 -4.454999687e+00 2.499045085e-02
 -4.440000000e+00 2.499045085e-02 -4.439999689e+00 2.499045085e-02
 -4.335000000e+00 2.499045086e-02 -4.334999696e+00 2.499045086e-02
 -4.320000000e+00 2.499045086e-02 -4.319999697e+00 2.499045086e-02
 -4.215000000e+00 2.499045087e-02 -4.214999704e+00 2.499045087e-02
 -4.200000000e+00 2.499045087e-02 -4.199999705e+00 2.499045087e-02
 -4.095000000e+00 2.499045088e-02 -4.094999713e+00 2.499045088e-02
 -4.080000000e+00 2.499045088e-02 -4.079999714e+00 2.499045088e-02
 -3.975000000e+00 2.499045089e-02 -3.974999721e+00 2.499045089e-02
 -3.960000000e+00 2.499045090e-02 -3.959999722e+00 2.499045090e-02
 -3.855000000e+00 2.499045091e-02 -3.854999729e+00 2.499045091e-02
 -3.840000000e+00 2.499045091e-02 -3.839999731e+00 2.499045091e-02
 -3.735000000e+00 2.499045092e-02 -3.734999738e+00 2.499045092e-02
 -3.720000000e+00 2.499045092e-02 -3.719999739e+00 2.499045092e-02
 -3.615000000e+00 2.499045093e-02 -3.614999746e+00 2.499045093e-02
 -3.600000000e+00 2.499045093e-02 -3.599999747e+00 2.499045093e-02
 -3.495000000e+00 2.499045094e-02 -3.494999755e+00 2.499045094e-02
 -3.480000000e+00 2.499045094e-02 -3.479999756e+00 2.499045094e-02
 -3.375000000e+00 2.499045096e-02 -3.374999763e+00 2.499045096e-02
 -3.360000000e+00 2.499045096e-02 -3.359999764e+00 2.499045096e-02
 -3.255000000e+00 2.499045097e-02 -3.254999772e+00 2.499045097e-02
 -3.240000000e+00 2.499045097e-02 -3.239999773e+00 2.499045097e-02
 -3.135000000e+00 2.499045098e-02 -3.134999780e+00 2.499045098e-02
 -3.120000000e+00 2.499045098e-02 -3.119999781e+00 2.499045098e-02
 -3.015000000e+00 2.499045099e-02 -3.014999788e+00 2.499045099e-02
 -3.000000000e+00 2.499045099e-02 -2.999999789e+00 2.499045099e-02
 -2.895000000e+00 2.499045100e-02 -2.894999797e+00 2.499045100e-02
 -2.880000000e+00 2.499045100e-02 -2.879999798e+00 2.499045100e-02
 -2.775000000e+00 2.499045102e-02 -2.774999805e+00 2.499045102e-02
 -2.760000000e+00 2.499045102e-02 -2.759999806e+00 2.499045102e-02
 -2.655000000e+00 2.499045103e-02 -2.654999813e+00 2.499045103e-02
 -2.640000000e+00 2.499045103e-02 -2.639999814e+00 2.499045103e-02
 -2.535000000e+00 2.499045104e-02 -2.534999822e+00 2.499045104e-02
 -2.520000000e+00 2.499045104e-02 -2.519999823e+00 2.499045104e-02
 -2.415000000e+00 2.499045105e-02 -2.414999830e+00 2.499045105e-02
 -2.400000000e+00 2.499045105e-02 -2.399999831e+00 2.499045105e-02
 -2.295000000e+00 2.499045106e-02 -2.294999839e+00 2.499045106e-02
 -2.280000000e+00 2.499045106e-02 -2.279999840e+00 2.499045106e-02
 -2.175000000e+00 2.499045107e-02 -2.174999847e+00 2.499045107e-02
 -2.160000000e+00 2.499045108e-02 -2.159999848e+00 2.499045108e-02
 -2.055000000e+00 2.499045109e-02 -2.054999856e+00 2.499045109e-02
 -2.040000000e+00 2.499045109e-02 -2.039999857e+00 2.499045109e-02
 -1.935000000e+00 2.499045110e-02 -1.934999864e+00 2.499045110e-02
 -1.920000000e+00 2.499045110e-02 -1.919999865e+00 2.499045110e-02
 -1.815000000e+00 2.499045111e-02 -1.814999872e+00 2.499045111e-02
 -1.800000000e+00 2.499045111e-02 -1.799999873e+00 2.499045111e-02
 -1.695000000e+00 2.499045112e-02 -1.694999881e+00 2.499045112e-02
 -1.680000000e+00 2.499045112e-02 -1.679999882e+00 2.499045112e-02
 -1.575000000e+00 2.499045114e-02 -1.574999889e+00 2.499045114e-02
 -1.560000000e+00 2.499045114e-02 -1.559999890e+00 2.499045114e-02
 -1.455000000e+00 2.499045115e-02 -1.454999898e+00 2.499045115e-02
 -1.440000000e+00 2.499045115e-02 -1.439999898e+00 2.499045115e-02
 -1.335000000e+00 2.499045116e-02 -1.334999906e+00 2.499045116e-02
 -1.320000000e+00 2.499045116e-02 -1.319999907e+00 2.499045116e-02
 -1.215000000e+00 2.499045117e-02 -1.214999914e+00 2.499045117e-02
 -1.200000000e+00 2.499045117e-02 -1.199999915e+00 2.499045117e-02
 -1.095000000e+00 2.499045118e-02 -1.094999923e+00 2.499045118e-02
 -1.080000000e+00 2.499045118e-02 -1.079999924e+00 2.499045118e-02
 -9.750000000e-01 2.499045119e-02 -9.749999311e-01 2.499045119e-02
 -9.600000000e-01 2.499045120e-02 -9.599999321e-01 2.499045120e-02
 -8.550000000e-01 2.499045121e-02 -8.549999395e-01 2.499045121e-02
 -8.400000000e-01 2.499045121e-02 -8.399999405e-01 2.499045121e-02
 -7.350000000e-01 2.499045122e-02 -7.349999479e-01 2.499045122e-02
 -7.200000000e-01 2.499045122e-02 -7.199999489e-01 2.499045122e-02
 -6.150000000e-01 2.499045123e-02 -6.149999563e-01 2.499045123e-02
 -6.000000000e-01 2.499045123e-02 -5.999999573e-01 2.499045123e-02
 -4.950000000e-01 2.499045124e-02 -4.949999647e-01 2.499045124e-02
 -4.800000000e-01 2.499045124e-02 -4.799999657e-01 2.499045124e-02
 -3.750000000e-01 2.499045126e-02 -3.749999731e-01 2.499045126e-02
 -3.600000000e-01 2.499045126e-02 -3.599999741e-01 2.499045126e-02
 -2.550000000e-01 2.499045127e-02 -2.549999815e-01 2.499045127e-02
 -2.400000000e-01 2.499045127e-02 -2.399999825e-01 2.499045127e-02
 -1.350000000e-01 2.499045128e-02 -1.349999899e-01 2.499045128e-02
 -1.200000000e-01 2.499045128e-02 -1.199999909e-01 2.499045128e-02
 -1.500000000e-02 2.499555103e-02 -1.499999827e-02 2.499555103e-02
 1.902783486e-13 2.499705088e-02 6.801312518e-10 2.499705088e-02
 1.050000000e-01 1.005060220e-01 1.049999948e-01 1.005060220e-01
 1.200000000e-01 1.155059836e-01 1.199999941e-01 1.155059836e-01
 2.250000000e-01 2.205057145e-01 2.249999888e-01 2.205057145e-01
 2.400000000e-01 2.355056760e-01 2.399999881e-01 2.355056760e-01
 3.450000000e-01 3.405054069e-01 3.449999828e-01 3.405054069e-01
 3.600000000e-01 3.555053685e-01 3.599999821e-01 3.555053685e-01
 4.650000000e-01 4.605050994e-01 4.649999768e-01 4.605050994e-01
 4.800000000e-01 4.755050609e-01 4.799999761e-01 4.755050609e-01
 5.850000000e-01 5.805047918e-01 5.849999708e-01 5.805047918e-01
 6.000000000e-01 5.955047534e-01 5.999999701e-01 5.955047534e-01
 7.050000000e-01 7.005044843e-01 7.049999648e-01 7.005044843e-01
 7.200000000e-01 7.155044458e-01 7.199999641e-01 7.155044458e-01
 8.250000000e-01 8.205041767e-01 8.249999588e-01 8.205041767e-01
 8.400000000e-01 8.355041383e-01 8.399999581e-01 8.355041383e-01
 9.450000000e-01 9.405038692e-01 9.449999528e-01 9.405038692e-01
 9.600000000e-01 9.555038307e-01 9.599999521e-01 9.555038307e-01
 1.065000000e+00 1.060503562e+00 1.064999947e+00 1.060503562e+00
 1.080000000e+00 1.075503523e+00 1.079999946e+00 1.075503523e+00
 1.185000000e+00 1.180503254e+00 1.184999941e+00 1.180503254e+00
 1.200000000e+00 1.195503216e+00 1.199999940e+00 1.195503216e+00
 1.305000000e+00 1.300502946e+00 1.304999935e+00 1.300502946e+00
 1.320000000e+00 1.315502908e+00 1.319999934e+00 1.315502908e+00
 1.425000000e+00 1.420502639e+00 1.424999929e+00 1.420502639e+00
 1.440000000e+00 1.435502601e+00 1.439999928e+00 1.435502601e+00
 1.545000000e+00 1.540502331e+00 1.544999923e+00 1.540502331e+00
 1.560000000e+00 1.555502293e+00 1.559999922e+00 1.555502293e+00
 1.665000000e+00 1.660502024e+00 1.664999917e+00 1.660502024e+00
 1.680000000e+00 1.675501985e+00 1.679999916e+00 1.675501985e+00
 1.785000000e+00 1.780501716e+00 1.784999911e+00 1.780501716e+00
 1.800000000e+00 1.795501678e+00 1.799999910e+00 1.795501678e+00
 1.905000000e+00 1.900501409e+00 1.904999905e+00 1.900501409e+00
 1.920000000e+00 1.915501370e+00 1.919999904e+00 1.915501370e+00
 2.025000000e+00 2.020501101e+00 2.024999899e+00 2.020501101e+00
 2.040000000e+00 2.035501063e+00 2.039999898e+00 2.035501063e+00
 2.145000000e+00 2.140500794e+00 2.144999893e+00 2.140500794e+00
 2.160000000e+00 2.155500755e+00 2.159999892e+00 2.155500755e+00
 2.265000000e+00 2.260500486e+00 2.264999887e+00 2.260500486e+00
 2.280000000e+00 2.275500448e+00 2.279999886e+00 2.275500448e+00
 2.385000000e+00 2.380500179e+00 2.384999881e+00 2.380500179e+00
 2.400000000e+00 2.395500140e+00 2.399999880e+00 2.395500140e+00
 2.505000000e+00 2.500499871e+00 2.504999875e+00 2.500499871e+00
 2.520000000e+00 2.515499833e+00 2.519999874e+00 2.515499833e+00
 2.625000000e+00 2.620499564e+00 2.624999869e+00 2.620499564e+00
 2.640000000e+00 2.635499525e+00 2.639999868e+00 2.635499525e+00
 2.745000000e+00 2.740499256e+00 2.744999863e+00 2.740499256e+00
 2.760000000e+00 2.755499218e+00 2.759999862e+00 2.755499218e+00
 2.865000000e+00 2.860498948e+00 2.864999857e+00 2.860498948e+00
 2.880000000e+00 2.875498910e+00 2.879999856e+00 2.875498910e+00
 2.985000000e+00 2.980498641e+00 2.984999851e+00 2.980498641e+00
 3.000000000e+00 2.995498603e+00 2.999999850e+00 2.995498603e+00
 3.105000000e+00 3.100498333e+00 3.104999845e+00 3.100498333e+00
 3.120000000e+00 3.115498295e+00 3.119999844e+00 3.115498295e+00
 3.225000000e+00 3.220498026e+00 3.224999839e+00 3.220498026e+00
 3.240000000e+00 3.235497987e+00 3.239999838e+00 3.235497987e+00
 3.345000000e+00 3.340497718e+00 3.344999833e+00 3.340497718e+00
 3.360000000e+00 3.355497680e+00 3.359999832e+00 3.355497680e+00
 3.465000000e+00 3.460497411e+00 3.464999827e+00 3.460497411e+00
 3.480000000e+00 3.475497372e+00 3.479999826e+00 3.475497372e+00
 3.585000000e+00 3.580497103e+00 3.584999821e+00 3.580497103e+00
 3.600000000e+00 3.595497065e+00 3.599999820e+00 3.595497065e+00
 3.705000000e+00 3.700496796e+00 3.704999815e+00 3.700496796e+00
 3.720000000e+00 3.715496757e+00 3.719999814e+00 3.715496757e+00
 3.825000000e+00 3.820496488e+00 3.824999809e+00 3.820496488e+00
 3.840000000e+00 3.835496450e+00 3.839999808e+00 3.835496450e+00
 3.945000000e+00 3.940496180e+00 3.944999803e+00 3.940496180e+00
 3.960000000e+00 3.955496142e+00 3.959999802e+00 3.955496142e+00
 4.065000000e+00 4.060495873e+00 4.064999797e+00 4.060495873e+00
 4.080000000e+00 4.075495834e+00 4.079999796e+00 4.075495834e+00
 4.185000000e+00 4.180495565e+00 4.184999791e+00 4.180495565e+00
 4.200000000e+00 4.195495527e+00 4.199999790e+00 4.195495527e+00
 4.305000000e+00 4.300495258e+00 4.304999785e+00 4.300495258e+00
 4.320000000e+00 4.315495219e+00 4.319999784e+00 4.315495219e+00
 4.425000000e+00 4.420494950e+00 4.424999779e+00 4.420494950e+00
 4.440000000e+00 4.435494912e+00 4.439999778e+00 4.435494912e+00
 4.545000000e+00 4.540494643e+00 4.544999773e+00 4.540494643e+00
 4.560000000e+00 4.555494604e+00 4.559999772e+00 4.555494604e+00
 4.665000000e+00 4.660494335e+00 4.664999767e+00 4.660494335e+00
 4.680000000e+00 4.675494297e+00 4.679999766e+00 4.675494297e+00
 4.785000000e+00 4.780494028e+00 4.784999761e+00 4.780494028e+00
 4.800000000e+00 4.795493989e+00 4.799999760e+00 4.795493989e+00
 4.905000000e+00 4.900493720e+00 4.904999755e+00 4.900493720e+00
 4.920000000e+00 4.915493682e+00 4.919999754e+00 4.915493682e+00
 5.025000000e+00 4.975004543e+00 5.024999748e+00 4.975004543e+00
 5.040000000e+00 4.975006043e+00 5.039999747e+00 4.975006043e+00
 5.085000000e+00 4.975009543e+00 5.084999744e+00 4.975009543e+00
 5.145000000e+00 4.975009543e+00 5.144999740e+00 4.975009543e+00
 5.160000000e+00 4.975009543e+00 5.159999738e+00 4.975009543e+00
 5.265000000e+00 4.975009543e+00 5.264999731e+00 4.975009543e+00
 5.280000000e+00 4.975009543e+00 5.279999730e+00 4.975009543e+00
 5.385000000e+00 4.975009543e+00 5.384999723e+00 4.975009543e+00
 5.400000000e+00 4.975009543e+00 5.399999722e+00 4.975009543e+00
 5.445000000e+00 4.975009543e+00 5.444999719e+00 4.975009543e+00
 5.505000000e+00 4.975009543e+00 5.504999714e+00 4.975009543e+00
 5.520000000e+00 4.975009543e+00 5.519999713e+00 4.975009543e+00
 5.625000000e+00 4.975009543e+00 5.624999706e+00 4.975009543e+00
 5.640000000e+00 4.975009543e+00 5.639999705e+00 4.975009543e+00
 5.745000000e+00 4.975009543e+00 5.744999697e+00 4.975009543e+00
 5.760000000e+00 4.975009543e+00 5.759999697e+00 4.975009543e+00
 5.865000000e+00 4.975009543e+00 5.864999689e+00 4.975009543e+00
 5.880000000e+00 4.975009543e+00 5.879999688e+00 4.975009543e+00
 5.985000000e+00 4.975009543e+00 5.984999681e+00 4.975009543e+00
 6.000000000e+00 4.975009543e+00 5.999999680e+00 4.975009543e+00
 6.105000000e+00 4.975009543e+00 6.104999672e+00 4.975009543e+00
 6.120000000e+00 4.975009543e+00 6.119999671e+00 4.975009543e+00
 6.225000000e+00 4.975009543e+00 6.224999664e+00 4.975009543e+00
 6.240000000e+00 4.975009543e+00 6.239999663e+00 4.975009543e+00
 6.345000000e+00 4.975009543e+00 6.344999655e+00 4.975009543e+00
 6.360000000e+00 4.975009543e+00 6.359999655e+00 4.975009543e+00
 6.450000000e+00 4.975009543e+00 6.449999648e+00 4.975009543e+00
 6.465000000e+00 4.975009543e+00 6.464999647e+00 4.975009543e+00
 6.480000000e+00 4.975009543e+00 6.479999646e+00 4.975009543e+00
 6.585000000e+00 4.975009543e+00 6.584999639e+00 4.975009543e+00
 6.600000000e+00 4.975009543e+00 6.599999638e+00 4.975009543e+00
 6.705000000e+00 4.975009543e+00 6.704999630e+00 4.975009543e+00
 6.720000000e+00 4.975009543e+00 6.719999629e+00 4.975009543e+00
 6.825000000e+00 4.975009543e+00 6.824999622e+00 4.975009543e+00
 6.840000000e+00 4.975009543e+00 6.839999621e+00 4.975009543e+00
 6.945000000e+00 4.975009543e+00 6.944999614e+00 4.975009543e+00
 6.960000000e+00 4.975009543e+00 6.959999612e+00 4.975009543e+00
 7.065000000e+00 4.975009543e+00 7.064999605e+00 4.975009543e+00
 7.080000000e+00 4.975009543e+00 7.079999604e+00 4.975009543e+00
 7.185000000e+00 4.975009543e+00 7.184999597e+00 4.975009543e+00
 7.200000000e+00 4.975009543e+00 7.199999596e+00 4.975009543e+00
 7.305000000e+00 4.975009543e+00 7.304999588e+00 4.975009543e+00
 7.320000000e+00 4.975009543e+00 7.319999587e+00 4.975009543e+00
 7.425000000e+00 4.975009543e+00 7.424999580e+00 4.975009543e+00
 7.440000000e+00 4.975009543e+00 7.439999579e+00 4.975009543e+00
 7.545000000e+00 4.975009543e+00 7.544999572e+00 4.975009543e+00
 7.560000000e+00 4.975009543e+00 7.559999570e+00 4.975009543e+00
 7.665000000e+00 4.975009543e+00 7.664999563e+00 4.975009543e+00
 7.680000000e+00 4.975009543e+00 7.679999562e+00 4.975009543e+00
 7.785000000e+00 4.975009543e+00 7.784999555e+00 4.975009543e+00
 7.800000000e+00 4.975009543e+00 7.799999554e+00 4.975009543e+00
 7.905000000e+00 4.975009543e+00 7.904999546e+00 4.975009543e+00
 7.920000000e+00 4.975009543e+00 7.919999545e+00 4.975009543e+00
 8.025000000e+00 4.975009543e+00 8.024999538e+00 4.975009543e+00
 8.040000000e+00 4.975009543e+00 8.039999537e+00 4.975009543e+00
 8.145000000e+00 4.975009543e+00 8.144999529e+00 4.975009543e+00
 8.160000000e+00 4.975009543e+00 8.159999529e+00 4.975009543e+00
 8.265000000e+00 4.975009543e+00 8.264999521e+00 4.975009543e+00
 8.280000000e+00 4.975009543e+00 8.279999520e+00 4.975009543e+00
 8.385000000e+00 4.975009543e+00 8.384999513e+00 4.975009543e+00
 8.400000000e+00 4.975009543e+00 8.399999512e+00 4.975009543e+00
 8.445000000e+00 4.975009543e+00 8.444999509e+00 4.975009543e+00
 8.505000000e+00 4.975009543e+00 8.504999504e+00 4.975009543e+00
 8.520000000e+00 4.975009543e+00 8.519999503e+00 4.975009543e+00
 8.625000000e+00 4.975009543e+00 8.624999496e+00 4.975009543e+00
 8.640000000e+00 4.975009543e+00 8.639999495e+00 4.975009543e+00
 8.745000000e+00 4.975009543e+00 8.744999487e+00 4.975009543e+00
 8.760000000e+00 4.975009543e+00 8.759999486e+00 4.975009543e+00
 8.865000000e+00 4.975009543e+00 8.864999479e+00 4.975009543e+00
 8.880000000e+00 4.975009543e+00 8.879999478e+00 4.975009543e+00
 8.985000000e+00 4.975009543e+00 8.984999471e+00 4.975009543e+00
 9.000000000e+00 4.975009543e+00 8.999999470e+00 4.975009543e+00
 9.105000000e+00 4.975009543e+00 9.104999462e+00 4.975009543e+00
 9.120000000e+00 4.975009543e+00 9.119999461e+00 4.975009543e+00
 9.225000000e+00 4.975009543e+00 9.224999454e+00 4.975009543e+00
 9.240000000e+00 4.975009543e+00 9.239999453e+00 4.975009543e+00
 9.345000000e+00 4.975009543e+00 9.344999445e+00 4.975009543e+00
 9.360000000e+00 4.975009543e+00 9.359999444e+00 4.975009543e+00
 9.450000000e+00 4.975009543e+00 9.449999438e+00 4.975009543e+00
 9.465000000e+00 4.975009543e+00 9.464999437e+00 4.975009543e+00
 9.480000000e+00 4.975009543e+00 9.479999436e+00 4.975009543e+00
 9.585000000e+00 4.975009543e+00 9.584999429e+00 4.975009543e+00
 9.600000000e+00 4.975009543e+00 9.599999428e+00 4.975009543e+00
 9.705000000e+00 4.975009543e+00 9.704999420e+00 4.975009543e+00
 9.720000000e+00 4.975009543e+00 9.719999419e+00 4.975009543e+00
 9.825000000e+00 4.975009543e+00 9.824999412e+00 4.975009543e+00
 9.840000000e+00 4.975009543e+00 9.839999411e+00 4.975009543e+00
 9.945000000e+00 4.975009543e+00 9.944999404e+00 4.975009543e+00
 9.960000000e+00 4.975009543e+00 9.959999402e+00 4.975009543e+00
 1.006500000e+01 4.975009543e+00 1.006499939e+01 4.975009543e+00
 1.008000000e+01 4.975009543e+00 1.007999939e+01 4.975009543e+00
 1.018500000e+01 4.975009543e+00 1.018499939e+01 4.975009543e+00
 1.020000000e+01 4.975009543e+00 1.019999939e+01 4.975009543e+00
 1.030500000e+01 4.975009543e+00 1.030499938e+01 4.975009543e+00
 1.032000000e+01 4.975009543e+00 1.031999938e+01 4.975009543e+00
 1.042500000e+01 4.975009543e+00 1.042499937e+01 4.975009543e+00
 1.044000000e+01 4.975009543e+00 1.043999937e+01 4.975009543e+00
 1.054500000e+01 4.975009543e+00 1.054499936e+01 4.975009543e+00
 1.056000000e+01 4.975009543e+00 1.055999936e+01 4.975009543e+00
 1.066500000e+01 4.975009543e+00 1.066499935e+01 4.975009543e+00
 1.068000000e+01 4.975009543e+00 1.067999935e+01 4.975009543e+00
 1.078500000e+01 4.975009543e+00 1.078499934e+01 4.975009543e+00
 1.080000000e+01 4.975009543e+00 1.079999934e+01 4.975009543e+00
 1.090500000e+01 4.975009543e+00 1.090499934e+01 4.975009543e+00
 1.092000000e+01 4.975009543e+00 1.091999933e+01 4.975009543e+00
 1.102500000e+01 4.975009543e+00 1.102499933e+01 4.975009543e+00
 1.104000000e+01 4.975009543e+00 1.103999933e+01 4.975009543e+00
 1.114500000e+01 4.975009543e+00 1.114499932e+01 4.975009543e+00
 1.116000000e+01 4.975009543e+00 1.115999932e+01 4.975009543e+00
 1.126500000e+01 4.975009543e+00 1.126499931e+01 4.975009543e+00
 1.128000000e+01 4.975009543e+00 1.127999931e+01 4.975009543e+00
 1.138500000e+01 4.975009543e+00 1.138499930e+01 4.975009543e+00
 1.140000000e+01 4.975009543e+00 1.139999930e+01 4.975009543e+00
 1.144500000e+01 4.975009543e+00 1.144499930e+01 4.975009543e+00
 1.150500000e+01 4.975009543e+00 1.150499929e+01 4.975009543e+00
 1.152000000e+01 4.975009543e+00 1.151999929e+01 4.975009543e+00
 1.162500000e+01 4.975009543e+00 1.162499929e+01 4.975009543e+00
 1.164000000e+01 4.975009543e+00 1.163999929e+01 4.975009543e+00
 1.174500000e+01 4.975009543e+00 1.174499928e+01 4.975009543e+00
 1.176000000e+01 4.975009543e+00 1.175999928e+01 4.975009543e+00
 1.186500000e+01 4.975009543e+00 1.186499927e+01 4.975009543e+00
 1.188000000e+01 4.975009543e+00 1.187999927e+01 4.975009543e+00
 1.198500000e+01 4.975009543e+00 1.198499926e+01 4.975009543e+00
 1.200000000e+01 4.975009543e+00 1.199999926e+01 4.975009543e+00
 1.210500000e+01 4.975009543e+00 1.210499925e+01 4.975009543e+00
 1.212000000e+01 4.975009543e+00 1.211999925e+01 4.975009543e+00
 1.222500000e+01 4.975009543e+00 1.222499924e+01 4.975009543e+00
 1.224000000e+01 4.975009543e+00 1.223999924e+01 4.975009543e+00
 1.234500000e+01 4.975009543e+00 1.234499924e+01 4.975009543e+00
 1.236000000e+01 4.975009543e+00 1.235999923e+01 4.975009543e+00
 1.245000000e+01 4.975009543e+00 1.244999923e+01 4.975009543e+00
 1.246500000e+01 4.975009543e+00 1.246499923e+01 4.975009543e+00
 1.248000000e+01 4.975009543e+00 1.247999923e+01 4.975009543e+00
 1.258500000e+01 4.975009543e+00 1.258499922e+01 4.975009543e+00
 1.260000000e+01 4.975009543e+00 1.259999922e+01 4.975009543e+00
 1.270500000e+01 4.975009543e+00 1.270499921e+01 4.975009543e+00
 1.272000000e+01 4.975009543e+00 1.271999921e+01 4.975009543e+00
 1.282500000e+01 4.975009543e+00 1.282499920e+01 4.975009543e+00
 1.284000000e+01 4.975009543e+00 1.283999920e+01 4.975009543e+00
 1.294500000e+01 4.975009543e+00 1.294499919e+01 4.975009543e+00
 1.296000000e+01 4.975009543e+00 1.295999919e+01 4.975009543e+00
 1.306500000e+01 4.975009543e+00 1.306499918e+01 4.975009543e+00
 1.308000000e+01 4.975009543e+00 1.307999918e+01 4.975009543e+00
 1.318500000e+01 4.975009543e+00 1.318499918e+01 4.975009543e+00
 1.320000000e+01 4.975009543e+00 1.319999918e+01 4.975009543e+00
 1.330500000e+01 4.975009543e+00 1.330499917e+01 4.975009543e+00
 1.332000000e+01 4.975009543e+00 1.331999917e+01 4.975009543e+00
 1.342500000e+01 4.975009543e+00 1.342499916e+01 4.975009543e+00
 1.344000000e+01 4.975009544e+00 1.343999916e+01 4.975009544e+00
 1.354500000e+01 4.975009544e+00 1.354499915e+01 4.975009544e+00
 1.356000000e+01 4.975009544e+00 1.355999915e+01 4.975009544e+00
 1.366500000e+01 4.975009544e+00 1.366499914e+01 4.975009544e+00
 1.368000000e+01 4.975009544e+00 1.367999914e+01 4.975009544e+00
 1.378500000e+01 4.975009544e+00 1.378499913e+01 4.975009544e+00
 1.380000000e+01 4.975009544e+00 1.379999913e+01 4.975009544e+00
 1.390500000e+01 4.975009544e+00 1.390499913e+01 4.975009544e+00
 1.392000000e+01 4.975009544e+00 1.391999913e+01 4.975009544e+00
 1.402500000e+01 4.975009544e+00 1.402499912e+01 4.975009544e+00
 1.404000000e+01 4.975009544e+00 1.403999912e+01 4.975009544e+00
 1.414500000e+01 4.975009544e+00 1.414499911e+01 4.975009544e+00
 1.416000000e+01 4.975009544e+00 1.415999911e+01 4.975009544e+00
 1.426500000e+01 4.975009544e+00 1.426499910e+01 4.975009544e+00
 1.428000000e+01 4.975009544e+00 1.427999910e+01 4.975009544e+00
 1.438500000e+01 4.975009544e+00 1.438499909e+01 4.975009544e+00
 1.440000000e+01 4.975009544e+00 1.439999909e+01 4.975009544e+00
 1.444500000e+01 4.975009544e+00 1.444499909e+01 4.975009544e+00
 1.450500000e+01 4.975009544e+00 1.450499908e+01 4.975009544e+00
 1.452000000e+01 4.975009544e+00 1.451999908e+01 4.975009544e+00
 1.462500000e+01 4.975009544e+00 1.462499908e+01 4.975009544e+00
 1.464000000e+01 4.975009544e+00 1.463999908e+01 4.975009544e+00
 1.474500000e+01 4.975009544e+00 1.474499907e+01 4.975009544e+00
 1.476000000e+01 4.975009544e+00 1.475999907e+01 4.975009544e+00
 1.486500000e+01 4.975009544e+00 1.486499906e+01 4.975009544e+00
 1.488000000e+01 4.975009544e+00 1.487999906e+01 4.975009544e+00
 1.498500000e+01 4.975009544e+00 1.498499905e+01 4.975009544e+00
