 v-sweep v(n_filt_out) v(n_sk_p) v(n_filt_out)
 -1.500000000e+01 2.499044979e-02 -1.499999917e+01 2.499044979e-02
 -1.489500000e+01 2.499044980e-02 -1.489499918e+01 2.499044980e-02
 -1.488000000e+01 2.499044980e-02 -1.487999918e+01 2.499044980e-02
 -1.477500000e+01 2.499044981e-02 -1.477499918e+01 2.499044981e-02
 -1.476000000e+01 2.499044982e-02 -1.475999918e+01 2.499044982e-02
 -1.465500000e+01 2.499044983e-02 -1.465499919e+01 2.499044983e-02
 -1.464000000e+01 2.499044983e-02 -1.463999919e+01 2.499044983e-02
 -1.453500000e+01 2.499044984e-02 -1.453499920e+01 2.499044984e-02
 -1.452000000e+01 2.499044984e-02 -1.451999920e+01 2.499044984e-02
 -1.441500000e+01 2.499044985e-02 -1.441499920e+01 2.499044985e-02
 -1.440000000e+01 2.499044985e-02 -1.439999920e+01 2.499044985e-02
 -1.429500000e+01 2.499044986e-02 -1.429499921e+01 2.499044986e-02
 -1.428000000e+01 2.499044986e-02 -1.427999921e+01 2.499044986e-02
 -1.417500000e+01 2.499044988e-02 -1.417499922e+01 2.499044988e-02
 -1.416000000e+01 2.499044988e-02 -1.415999922e+01 2.499044988e-02
 -1.405500000e+01 2.499044989e-02 -1.405499922e+01 2.499044989e-02
 -1.404000000e+01 2.499044989e-02 -1.403999922e+01 2.499044989e-02
 -1.393500000e+01 2.499044990e-02 -1.393499923e+01 2.499044990e-02
 -1.392000000e+01 2.499044990e-02 -1.391999923e+01 2.499044990e-02
 -1.381500000e+01 2.499044991e-02 -1.381499924e+01 2.499044991e-02
 -1.380000000e+01 2.499044991e-02 -1.379999924e+01 2.499044991e-02
 -1.369500000e+01 2.499044992e-02 -1.369499924e+01 2.499044992e-02
 -1.368000000e+01 2.499044992e-02 -1.367999924e+01 2.499044992e-02
 -1.357500000e+01 2.499044993e-02 -1.357499925e+01 2.499044993e-02
 -1.356000000e+01 2.499044994e-02 -1.355999925e+01 2.499044994e-02
 -1.345500000e+01 2.499044995e-02 -1.345499926e+01 2.499044995e-02
 -1.344000000e+01 2.499044995e-02 -1.343999926e+01 2.499044995e-02
 -1.333500000e+01 2.499044996e-02 -1.333499926e+01 2.499044996e-02
 -1.332000000e+01 2.499044996e-02 -1.331999926e+01 2.499044996e-02
 -1.321500000e+01 2.499044997e-02 -1.321499927e+01 2.499044997e-02
 -1.320000000e+01 2.499044997e-02 -1.319999927e+01 2.499044997e-02
 -1.309500000e+01 2.499044998e-02 -1.309499927e+01 2.499044998e-02
 -1.308000000e+01 2.499044998e-02 -1.307999928e+01 2.499044998e-02
 -1.297500000e+01 2.499045000e-02 -1.297499928e+01 2.499045000e-02
 -1.296000000e+01 2.499045000e-02 -1.295999928e+01 2.499045000e-02
 -1.285500000e+01 2.499045001e-02 -1.285499929e+01 2.499045001e-02
 -1.284000000e+01 2.499045001e-02 -1.283999929e+01 2.499045001e-02
 -1.273500000e+01 2.499045002e-02 -1.273499929e+01 2.499045002e-02
 -1.272000000e+01 2.499045002e-02 -1.271999930e+01 2.499045002e-02
 -1.261500000e+01 2.499045003e-02 -1.261499930e+01 2.499045003e-02
 -1.260000000e+01 2.499045003e-02 -1.259999930e+01 2.499045003e-02
 -1.249500000e+01 2.499045004e-02 -1.249499931e+01 2.499045004e-02
 -1.248000000e+01 2.499045004e-02 -1.247999931e+01 2.499045004e-02
 -1.237500000e+01 2.499045005e-02 -1.237499932e+01 2.499045005e-02
 -1.236000000e+01 2.499045006e-02 -1.235999932e+01 2.499045006e-02
 -1.225500000e+01 2.499045007e-02 -1.225499932e+01 2.499045007e-02
 -1.224000000e+01 2.499045007e-02 -1.223999932e+01 2.499045007e-02
 -1.213500000e+01 2.499045008e-02 -1.213499933e+01 2.499045008e-02
 -1.212000000e+01 2.499045008e-02 -1.211999933e+01 2.499045008e-02
 -1.201500000e+01 2.499045009e-02 -1.201499934e+01 2.499045009e-02
 -1.200000000e+01 2.499045009e-02 -1.199999934e+01 2.499045009e-02
 -1.189500000e+01 2.499045010e-02 -1.189499934e+01 2.499045010e-02
 -1.188000000e+01 2.499045010e-02 -1.187999934e+01 2.499045010e-02
 -1.177500000e+01 2.499045011e-02 -1.177499935e+01 2.499045011e-02
 -1.176000000e+01 2.499045012e-02 -1.175999935e+01 2.499045012e-02
 -1.165500000e+01 2.499045013e-02 -1.165499935e+01 2.499045013e-02
 -1.164000000e+01 2.499045013e-02 -1.163999936e+01 2.499045013e-02
 -1.153500000e+01 2.499045014e-02 -1.153499936e+01 2.499045014e-02
 -1.152000000e+01 2.499045014e-02 -1.151999936e+01 2.499045014e-02
 -1.141500000e+01 2.499045015e-02 -1.141499937e+01 2.499045015e-02
 -1.140000000e+01 2.499045015e-02 -1.139999937e+01 2.499045015e-02
 -1.129500000e+01 2.499045016e-02 -1.129499937e+01 2.499045016e-02
 -1.128000000e+01 2.499045016e-02 -1.127999938e+01 2.499045016e-02
 -1.117500000e+01 2.499045018e-02 -1.117499938e+01 2.499045018e-02
 -1.116000000e+01 2.499045018e-02 -1.115999938e+01 2.499045018e-02
 -1.105500000e+01 2.499045019e-02 -1.105499939e+01 2.499045019e-02
 -1.104000000e+01 2.499045019e-02 -1.103999939e+01 2.499045019e-02
 -1.093500000e+01 2.499045020e-02 -1.093499940e+01 2.499045020e-02
 -1.092000000e+01 2.499045020e-02 -1.091999940e+01 2.499045020e-02
 -1.081500000e+01 2.499045021e-02 -1.081499940e+01 2.499045021e-02
 -1.080000000e+01 2.499045021e-02 -1.079999940e+01 2.499045021e-02
 -1.069500000e+01 2.499045022e-02 -1.069499941e+01 2.499045022e-02
 -1.068000000e+01 2.499045022e-02 -1.067999941e+01 2.499045022e-02
 -1.057500000e+01 2.499045023e-02 -1.057499942e+01 2.499045023e-02
 -1.056000000e+01 2.499045024e-02 -1.055999942e+01 2.499045024e-02
 -1.045500000e+01 2.499045025e-02 -1.045499942e+01 2.499045025e-02
 -1.044000000e+01 2.499045025e-02 -1.043999942e+01 2.499045025e-02
 -1.033500000e+01 2.499045026e-02 -1.033499943e+01 2.499045026e-02
 -1.032000000e+01 2.499045026e-02 -1.031999943e+01 2.499045026e-02
 -1.021500000e+01 2.499045027e-02 -1.021499943e+01 2.499045027e-02
 -1.020000000e+01 2.499045027e-02 -1.019999944e+01 2.499045027e-02
 -1.009500000e+01 2.499045028e-02 -1.009499944e+01 2.499045028e-02
 -1.008000000e+01 2.499045028e-02 -1.007999944e+01 2.499045028e-02
 -9.975000000e+00 2.499045030e-02 -9.974999448e+00 2.499045030e-02
 -9.960000000e+00 2.499045030e-02 -9.959999449e+00 2.499045030e-02
 -9.855000000e+00 2.499045031e-02 -9.854999454e+00 2.499045031e-02
 -9.840000000e+00 2.499045031e-02 -9.839999455e+00 2.499045031e-02
 -9.735000000e+00 2.499045032e-02 -9.734999461e+00 2.499045032e-02
 -9.720000000e+00 2.499045032e-02 -9.719999462e+00 2.499045032e-02
 -9.615000000e+00 2.499045033e-02 -9.614999468e+00 2.499045033e-02
 -9.600000000e+00 2.499045033e-02 -9.599999469e+00 2.499045033e-02
 -9.495000000e+00 2.499045034e-02 -9.494999474e+00 2.499045034e-02
 -9.480000000e+00 2.499045034e-02 -9.479999475e+00 2.499045034e-02
 -9.375000000e+00 2.499045035e-02 -9.374999481e+00 2.499045035e-02
 -9.360000000e+00 2.499045036e-02 -9.359999482e+00 2.499045036e-02
 -9.255000000e+00 2.499045037e-02 -9.254999488e+00 2.499045037e-02
 -9.240000000e+00 2.499045037e-02 -9.239999489e+00 2.499045037e-02
 -9.135000000e+00 2.499045038e-02 -9.134999494e+00 2.499045038e-02
 -9.120000000e+00 2.499045038e-02 -9.119999495e+00 2.499045038e-02
 -9.015000000e+00 2.499045039e-02 -9.014999501e+00 2.499045039e-02
 -9.000000000e+00 2.499045039e-02 -8.999999502e+00 2.499045039e-02
 -8.895000000e+00 2.499045040e-02 -8.894999508e+00 2.499045040e-02
 -8.880000000e+00 2.499045040e-02 -8.879999508e+00 2.499045040e-02
 -8.775000000e+00 2.499045042e-02 -8.774999514e+00 2.499045042e-02
 -8.760000000e+00 2.499045042e-02 -8.759999515e+00 2.499045042e-02
 -8.655000000e+00 2.499045043e-02 -8.654999521e+00 2.499045043e-02
 -8.640000000e+00 2.499045043e-02 -8.639999522e+00 2.499045043e-02
 -8.535000000e+00 2.499045044e-02 -8.534999528e+00 2.499045044e-02
 -8.520000000e+00 2.499045044e-02 -8.519999528e+00 2.499045044e-02
 -8.415000000e+00 2.499045045e-02 -8.414999534e+00 2.499045045e-02
 -8.400000000e+00 2.499045045e-02 -8.399999535e+00 2.499045045e-02
 -8.295000000e+00 2.499045046e-02 -8.294999541e+00 2.499045046e-02
 -8.280000000e+00 2.499045046e-02 -8.279999542e+00 2.499045046e-02
 -8.175000000e+00 2.499045047e-02 -8.174999547e+00 2.499045047e-02
 -8.160000000e+00 2.499045048e-02 -8.159999548e+00 2.499045048e-02
 -8.055000000e+00 2.499045049e-02 -8.054999554e+00 2.499045049e-02
 -8.040000000e+00 2.499045049e-02 -8.039999555e+00 2.499045049e-02
 -7.935000000e+00 2.499045050e-02 -7.934999561e+00 2.499045050e-02
 -7.920000000e+00 2.499045050e-02 -7.919999562e+00 2.499045050e-02
 -7.815000000e+00 2.499045051e-02 -7.814999567e+00 2.499045051e-02
 -7.800000000e+00 2.499045051e-02 -7.799999568e+00 2.499045051e-02
 -7.695000000e+00 2.499045052e-02 -7.694999574e+00 2.499045052e-02
 -7.680000000e+00 2.499045052e-02 -7.679999575e+00 2.499045052e-02
 -7.575000000e+00 2.499045054e-02 -7.574999581e+00 2.499045054e-02
 -7.560000000e+00 2.499045054e-02 -7.559999581e+00 2.499045054e-02
 -7.455000000e+00 2.499045055e-02 -7.454999587e+00 2.499045055e-02
 -7.440000000e+00 2.499045055e-02 -7.439999588e+00 2.499045055e-02
 -7.335000000e+00 2.499045056e-02 -7.334999594e+00 2.499045056e-02
 -7.320000000e+00 2.499045056e-02 -7.319999595e+00 2.499045056e-02
 -7.215000000e+00 2.499045057e-02 -7.214999600e+00 2.499045057e-02
 -7.200000000e+00 2.499045057e-02 -7.199999601e+00 2.499045057e-02
 -7.095000000e+00 2.499045058e-02 -7.094999607e+00 2.499045058e-02
 -7.080000000e+00 2.499045058e-02 -7.079999608e+00 2.499045058e-02
 -6.975000000e+00 2.499045060e-02 -6.974999614e+00 2.499045060e-02
 -6.960000000e+00 2.499045060e-02 -6.959999615e+00 2.499045060e-02
 -6.855000000e+00 2.499045061e-02 -6.854999620e+00 2.499045061e-02
 -6.840000000e+00 2.499045061e-02 -6.839999621e+00 2.499045061e-02
 -6.735000000e+00 2.499045062e-02 -6.734999627e+00 2.499045062e-02
 -6.720000000e+00 2.499045062e-02 -6.719999628e+00 2.499045062e-02
 -6.615000000e+00 2.499045063e-02 -6.614999634e+00 2.499045063e-02
 -6.600000000e+00 2.499045063e-02 -6.599999634e+00 2.499045063e-02
 -6.495000000e+00 2.499045064e-02 -6.494999640e+00 2.499045064e-02
 -6.480000000e+00 2.499045064e-02 -6.479999641e+00 2.499045064e-02
 -6.375000000e+00 2.499045065e-02 -6.374999647e+00 2.499045065e-02
 -6.360000000e+00 2.499045066e-02 -6.359999648e+00 2.499045066e-02
 -6.255000000e+00 2.499045067e-02 -6.254999654e+00 2.499045067e-02
 -6.240000000e+00 2.499045067e-02 -6.239999654e+00 2.499045067e-02
 -6.135000000e+00 2.499045068e-02 -6.134999660e+00 2.499045068e-02
 -6.120000000e+00 2.499045068e-02 -6.119999661e+00 2.499045068e-02
 -6.015000000e+00 2.499045069e-02 -6.014999667e+00 2.499045069e-02
 -6.000000000e+00 2.499045069e-02 -5.999999668e+00 2.499045069e-02
 -5.895000000e+00 2.499045070e-02 -5.894999674e+00 2.499045070e-02
 -5.880000000e+00 2.499045070e-02 -5.879999674e+00 2.499045070e-02
 -5.775000000e+00 2.499045072e-02 -5.774999680e+00 2.499045072e-02
 -5.760000000e+00 2.499045072e-02 -5.759999681e+00 2.499045072e-02
 -5.655000000e+00 2.499045073e-02 -5.654999687e+00 2.499045073e-02
 -5.640000000e+00 2.499045073e-02 -5.639999688e+00 2.499045073e-02
 -5.535000000e+00 2.499045074e-02 -5.534999693e+00 2.499045074e-02
 -5.520000000e+00 2.499045074e-02 -5.519999694e+00 2.499045074e-02
 -5.415000000e+00 2.499045075e-02 -5.414999700e+00 2.499045075e-02
 -5.400000000e+00 2.499045075e-02 -5.399999701e+00 2.499045075e-02
 -5.295000000e+00 2.499045076e-02 -5.294999707e+00 2.499045076e-02
 -5.280000000e+00 2.499045076e-02 -5.279999708e+00 2.499045076e-02
 -5.175000000e+00 2.499045077e-02 -5.174999713e+00 2.499045077e-02
 -5.160000000e+00 2.499045078e-02 -5.159999714e+00 2.499045078e-02
 -5.055000000e+00 2.499045079e-02 -5.054999720e+00 2.499045079e-02
 -5.040000000e+00 2.499045079e-02 -5.039999721e+00 2.499045079e-02
 -4.935000000e+00 2.499045080e-02 -4.934999727e+00 2.499045080e-02
 -4.920000000e+00 2.499045080e-02 -4.919999727e+00 2.499045080e-02
 -4.815000000e+00 2.499045081e-02 -4.814999733e+00 2.499045081e-02
 -4.800000000e+00 2.499045081e-02 -4.799999734e+00 2.499045081e-02
 -4.695000000e+00 2.499045082e-02 -4.694999740e+00 2.499045082e-02
 -4.680000000e+00 2.499045082e-02 -4.679999741e+00 2.499045082e-02
 -4.575000000e+00 2.499045084e-02 -4.574999746e+00 2.499045084e-02
 -4.560000000e+00 2.499045084e-02 -4.559999747e+00 2.499045084e-02
 -4.455000000e+00 2.499045085e-02 -4.454999753e+00 2.499045085e-02
 -4.440000000e+00 2.499045085e-02 -4.439999754e+00 2.499045085e-02
 -4.335000000e+00 2.499045086e-02 -4.334999760e+00 2.499045086e-02
 -4.320000000e+00 2.499045086e-02 -4.319999761e+00 2.499045086e-02
 -4.215000000e+00 2.499045087e-02 -4.214999766e+00 2.499045087e-02
 -4.200000000e+00 2.499045087e-02 -4.199999767e+00 2.499045087e-02
 -4.095000000e+00 2.499045088e-02 -4.094999773e+00 2.499045088e-02
 -4.080000000e+00 2.499045088e-02 -4.079999774e+00 2.499045088e-02
 -3.975000000e+00 2.499045089e-02 -3.974999780e+00 2.499045089e-02
 -3.960000000e+00 2.499045090e-02 -3.959999781e+00 2.499045090e-02
 -3.855000000e+00 2.499045091e-02 -3.854999786e+00 2.499045091e-02
 -3.840000000e+00 2.499045091e-02 -3.839999787e+00 2.499045091e-02
 -3.735000000e+00 2.499045092e-02 -3.734999793e+00 2.499045092e-02
 -3.720000000e+00 2.499045092e-02 -3.719999794e+00 2.499045092e-02
 -3.615000000e+00 2.499045093e-02 -3.614999800e+00 2.499045093e-02
 -3.600000000e+00 2.499045093e-02 -3.599999800e+00 2.499045093e-02
 -3.495000000e+00 2.499045094e-02 -3.494999806e+00 2.499045094e-02
 -3.480000000e+00 2.499045094e-02 -3.479999807e+00 2.499045094e-02
 -3.375000000e+00 2.499045096e-02 -3.374999813e+00 2.499045096e-02
 -3.360000000e+00 2.499045096e-02 -3.359999814e+00 2.499045096e-02
 -3.255000000e+00 2.499045097e-02 -3.254999820e+00 2.499045097e-02
 -3.240000000e+00 2.499045097e-02 -3.239999820e+00 2.499045097e-02
 -3.135000000e+00 2.499045098e-02 -3.134999826e+00 2.499045098e-02
 -3.120000000e+00 2.499045098e-02 -3.119999827e+00 2.499045098e-02
 -3.015000000e+00 2.499045099e-02 -3.014999833e+00 2.499045099e-02
 -3.000000000e+00 2.499045099e-02 -2.999999834e+00 2.499045099e-02
 -2.895000000e+00 2.499045100e-02 -2.894999839e+00 2.499045100e-02
 -2.880000000e+00 2.499045100e-02 -2.879999840e+00 2.499045100e-02
 -2.775000000e+00 2.499045102e-02 -2.774999846e+00 2.499045102e-02
 -2.760000000e+00 2.499045102e-02 -2.759999847e+00 2.499045102e-02
 -2.655000000e+00 2.499045103e-02 -2.654999853e+00 2.499045103e-02
 -2.640000000e+00 2.499045103e-02 -2.639999853e+00 2.499045103e-02
 -2.535000000e+00 2.499045104e-02 -2.534999859e+00 2.499045104e-02
 -2.520000000e+00 2.499045104e-02 -2.519999860e+00 2.499045104e-02
 -2.415000000e+00 2.499045105e-02 -2.414999866e+00 2.499045105e-02
 -2.400000000e+00 2.499045105e-02 -2.399999867e+00 2.499045105e-02
 -2.295000000e+00 2.499045106e-02 -2.294999873e+00 2.499045106e-02
 -2.280000000e+00 2.499045106e-02 -2.279999873e+00 2.499045106e-02
 -2.175000000e+00 2.499045107e-02 -2.174999879e+00 2.499045107e-02
 -2.160000000e+00 2.499045108e-02 -2.159999880e+00 2.499045108e-02
 -2.055000000e+00 2.499045109e-02 -2.054999886e+00 2.499045109e-02
 -2.040000000e+00 2.499045109e-02 -2.039999887e+00 2.499045109e-02
 -1.935000000e+00 2.499045110e-02 -1.934999893e+00 2.499045110e-02
 -1.920000000e+00 2.499045110e-02 -1.919999893e+00 2.499045110e-02
 -1.815000000e+00 2.499045111e-02 -1.814999899e+00 2.499045111e-02
 -1.800000000e+00 2.499045111e-02 -1.799999900e+00 2.499045111e-02
 -1.695000000e+00 2.499045112e-02 -1.694999906e+00 2.499045112e-02
 -1.680000000e+00 2.499045112e-02 -1.679999907e+00 2.499045112e-02
 -1.575000000e+00 2.499045114e-02 -1.574999912e+00 2.499045114e-02
 -1.560000000e+00 2.499045114e-02 -1.559999913e+00 2.499045114e-02
 -1.455000000e+00 2.499045115e-02 -1.454999919e+00 2.499045115e-02
 -1.440000000e+00 2.499045115e-02 -1.439999920e+00 2.499045115e-02
 -1.335000000e+00 2.499045116e-02 -1.334999926e+00 2.499045116e-02
 -1.320000000e+00 2.499045116e-02 -1.319999926e+00 2.499045116e-02
 -1.215000000e+00 2.499045117e-02 -1.214999932e+00 2.499045117e-02
 -1.200000000e+00 2.499045117e-02 -1.199999933e+00 2.499045117e-02
 -1.095000000e+00 2.499045118e-02 -1.094999939e+00 2.499045118e-02
 -1.080000000e+00 2.499045118e-02 -1.079999940e+00 2.499045118e-02
 -9.750000000e-01 2.499045119e-02 -9.749999456e-01 2.499045119e-02
 -9.600000000e-01 2.499045120e-02 -9.599999464e-01 2.499045120e-02
 -8.550000000e-01 2.499045121e-02 -8.549999522e-01 2.499045121e-02
 -8.400000000e-01 2.499045121e-02 -8.399999530e-01 2.499045121e-02
 -7.350000000e-01 2.499045122e-02 -7.349999588e-01 2.499045122e-02
 -7.200000000e-01 2.499045122e-02 -7.199999597e-01 2.499045122e-02
 -6.150000000e-01 2.499045123e-02 -6.149999655e-01 2.499045123e-02
 -6.000000000e-01 2.499045123e-02 -5.999999663e-01 2.499045123e-02
 -4.950000000e-01 2.499045124e-02 -4.949999721e-01 2.499045124e-02
 -4.800000000e-01 2.499045124e-02 -4.799999729e-01 2.499045124e-02
 -3.750000000e-01 2.499045126e-02 -3.749999788e-01 2.499045126e-02
 -3.600000000e-01 2.499045126e-02 -3.599999796e-01 2.499045126e-02
 -2.550000000e-01 2.499045127e-02 -2.549999854e-01 2.499045127e-02
 -2.400000000e-01 2.499045127e-02 -2.399999862e-01 2.499045127e-02
 -1.350000000e-01 2.499045128e-02 -1.349999920e-01 2.499045128e-02
 -1.200000000e-01 2.499045128e-02 -1.199999929e-01 2.499045128e-02
 -1.500000000e-02 2.499555103e-02 -1.499999866e-02 2.499555103e-02
 1.902783486e-13 2.499705088e-02 5.135457200e-10 2.499705088e-02
 1.050000000e-01 1.005060230e-01 1.049999958e-01 1.005060230e-01
 1.200000000e-01 1.155059847e-01 1.199999952e-01 1.155059847e-01
 2.250000000e-01 2.205057166e-01 2.249999910e-01 2.205057166e-01
 2.400000000e-01 2.355056783e-01 2.399999904e-01 2.355056783e-01
 3.450000000e-01 3.405054103e-01 3.449999862e-01 3.405054103e-01
 3.600000000e-01 3.555053720e-01 3.599999856e-01 3.555053720e-01
 4.650000000e-01 4.605051039e-01 4.649999814e-01 4.605051039e-01
 4.800000000e-01 4.755050656e-01 4.799999808e-01 4.755050656e-01
 5.850000000e-01 5.805047975e-01 5.849999766e-01 5.805047975e-01
 6.000000000e-01 5.955047592e-01 5.999999759e-01 5.955047592e-01
 7.050000000e-01 7.005044912e-01 7.049999717e-01 7.005044912e-01
 7.200000000e-01 7.155044529e-01 7.199999711e-01 7.155044529e-01
 8.250000000e-01 8.205041848e-01 8.249999669e-01 8.205041848e-01
 8.400000000e-01 8.355041465e-01 8.399999663e-01 8.355041465e-01
 9.450000000e-01 9.405038784e-01 9.449999621e-01 9.405038784e-01
 9.600000000e-01 9.555038401e-01 9.599999615e-01 9.555038401e-01
 1.065000000e+00 1.060503572e+00 1.064999957e+00 1.060503572e+00
 1.080000000e+00 1.075503534e+00 1.079999957e+00 1.075503534e+00
 1.185000000e+00 1.180503266e+00 1.184999952e+00 1.180503266e+00
 1.200000000e+00 1.195503227e+00 1.199999952e+00 1.195503227e+00
 1.305000000e+00 1.300502959e+00 1.304999948e+00 1.300502959e+00
 1.320000000e+00 1.315502921e+00 1.319999947e+00 1.315502921e+00
 1.425000000e+00 1.420502653e+00 1.424999943e+00 1.420502653e+00
 1.440000000e+00 1.435502615e+00 1.439999942e+00 1.435502615e+00
 1.545000000e+00 1.540502347e+00 1.544999938e+00 1.540502347e+00
 1.560000000e+00 1.555502308e+00 1.559999937e+00 1.555502308e+00
 1.665000000e+00 1.660502040e+00 1.664999933e+00 1.660502040e+00
 1.680000000e+00 1.675502002e+00 1.679999932e+00 1.675502002e+00
 1.785000000e+00 1.780501734e+00 1.784999928e+00 1.780501734e+00
 1.800000000e+00 1.795501696e+00 1.799999928e+00 1.795501696e+00
 1.905000000e+00 1.900501428e+00 1.904999923e+00 1.900501428e+00
 1.920000000e+00 1.915501389e+00 1.919999923e+00 1.915501389e+00
 2.025000000e+00 2.020501121e+00 2.024999919e+00 2.020501121e+00
 2.040000000e+00 2.035501083e+00 2.039999918e+00 2.035501083e+00
 2.145000000e+00 2.140500815e+00 2.144999914e+00 2.140500815e+00
 2.160000000e+00 2.155500776e+00 2.159999913e+00 2.155500776e+00
 2.265000000e+00 2.260500508e+00 2.264999909e+00 2.260500508e+00
 2.280000000e+00 2.275500470e+00 2.279999908e+00 2.275500470e+00
 2.385000000e+00 2.380500202e+00 2.384999904e+00 2.380500202e+00
 2.400000000e+00 2.395500164e+00 2.399999904e+00 2.395500164e+00
 2.505000000e+00 2.500499896e+00 2.504999899e+00 2.500499896e+00
 2.520000000e+00 2.515499857e+00 2.519999899e+00 2.515499857e+00
 2.625000000e+00 2.620499589e+00 2.624999895e+00 2.620499589e+00
 2.640000000e+00 2.635499551e+00 2.639999894e+00 2.635499551e+00
 2.745000000e+00 2.740499283e+00 2.744999890e+00 2.740499283e+00
 2.760000000e+00 2.755499245e+00 2.759999889e+00 2.755499245e+00
 2.865000000e+00 2.860498977e+00 2.864999885e+00 2.860498977e+00
 2.880000000e+00 2.875498938e+00 2.879999884e+00 2.875498938e+00
 2.985000000e+00 2.980498670e+00 2.984999880e+00 2.980498670e+00
 3.000000000e+00 2.995498632e+00 2.999999879e+00 2.995498632e+00
 3.105000000e+00 3.100498364e+00 3.104999875e+00 3.100498364e+00
 3.120000000e+00 3.115498325e+00 3.119999875e+00 3.115498325e+00
 3.225000000e+00 3.220498057e+00 3.224999870e+00 3.220498057e+00
 3.240000000e+00 3.235498019e+00 3.239999870e+00 3.235498019e+00
 3.345000000e+00 3.340497751e+00 3.344999866e+00 3.340497751e+00
 3.360000000e+00 3.355497713e+00 3.359999865e+00 3.355497713e+00
 3.465000000e+00 3.460497445e+00 3.464999861e+00 3.460497445e+00
 3.480000000e+00 3.475497406e+00 3.479999860e+00 3.475497406e+00
 3.585000000e+00 3.580497138e+00 3.584999856e+00 3.580497138e+00
 3.600000000e+00 3.595497100e+00 3.599999855e+00 3.595497100e+00
 3.705000000e+00 3.700496832e+00 3.704999851e+00 3.700496832e+00
 3.720000000e+00 3.715496794e+00 3.719999850e+00 3.715496794e+00
 3.825000000e+00 3.820496525e+00 3.824999846e+00 3.820496525e+00
 3.840000000e+00 3.835496487e+00 3.839999846e+00 3.835496487e+00
 3.945000000e+00 3.940496219e+00 3.944999842e+00 3.940496219e+00
 3.960000000e+00 3.955496181e+00 3.959999841e+00 3.955496181e+00
 4.065000000e+00 4.060495913e+00 4.064999837e+00 4.060495913e+00
 4.080000000e+00 4.075495874e+00 4.079999836e+00 4.075495874e+00
 4.185000000e+00 4.180495606e+00 4.184999832e+00 4.180495606e+00
 4.200000000e+00 4.195495568e+00 4.199999831e+00 4.195495568e+00
 4.305000000e+00 4.300495300e+00 4.304999827e+00 4.300495300e+00
 4.320000000e+00 4.315495262e+00 4.319999826e+00 4.315495262e+00
 4.425000000e+00 4.420494994e+00 4.424999822e+00 4.420494994e+00
 4.440000000e+00 4.435494955e+00 4.439999822e+00 4.435494955e+00
 4.545000000e+00 4.540494687e+00 4.544999817e+00 4.540494687e+00
 4.560000000e+00 4.555494649e+00 4.559999817e+00 4.555494649e+00
 4.665000000e+00 4.660494381e+00 4.664999812e+00 4.660494381e+00
 4.680000000e+00 4.675494343e+00 4.679999812e+00 4.675494343e+00
 4.785000000e+00 4.780494075e+00 4.784999808e+00 4.780494075e+00
 4.800000000e+00 4.795494036e+00 4.799999807e+00 4.795494036e+00
 4.905000000e+00 4.900493768e+00 4.904999803e+00 4.900493768e+00
 4.920000000e+00 4.915493730e+00 4.919999802e+00 4.915493730e+00
 5.025000000e+00 4.975004543e+00 5.024999797e+00 4.975004543e+00
 5.040000000e+00 4.975006043e+00 5.039999797e+00 4.975006043e+00
 5.085000000e+00 4.975009543e+00 5.084999794e+00 4.975009543e+00
 5.145000000e+00 4.975009543e+00 5.144999791e+00 4.975009543e+00
 5.160000000e+00 4.975009543e+00 5.159999790e+00 4.975009543e+00
 5.265000000e+00 4.975009543e+00 5.264999784e+00 4.975009543e+00
 5.280000000e+00 4.975009543e+00 5.279999783e+00 4.975009543e+00
 5.385000000e+00 4.975009543e+00 5.384999778e+00 4.975009543e+00
 5.400000000e+00 4.975009543e+00 5.399999777e+00 4.975009543e+00
 5.445000000e+00 4.975009543e+00 5.444999774e+00 4.975009543e+00
 5.505000000e+00 4.975009543e+00 5.504999771e+00 4.975009543e+00
 5.520000000e+00 4.975009543e+00 5.519999770e+00 4.975009543e+00
 5.625000000e+00 4.975009543e+00 5.624999764e+00 4.975009543e+00
 5.640000000e+00 4.975009543e+00 5.639999763e+00 4.975009543e+00
 5.745000000e+00 4.975009543e+00 5.744999758e+00 4.975009543e+00
 5.760000000e+00 4.975009543e+00 5.759999757e+00 4.975009543e+00
 5.865000000e+00 4.975009543e+00 5.864999751e+00 4.975009543e+00
 5.880000000e+00 4.975009543e+00 5.879999750e+00 4.975009543e+00
 5.985000000e+00 4.975009543e+00 5.984999744e+00 4.975009543e+00
 6.000000000e+00 4.975009543e+00 5.999999744e+00 4.975009543e+00
 6.105000000e+00 4.975009543e+00 6.104999738e+00 4.975009543e+00
 6.120000000e+00 4.975009543e+00 6.119999737e+00 4.975009543e+00
 6.225000000e+00 4.975009543e+00 6.224999731e+00 4.975009543e+00
 6.240000000e+00 4.975009543e+00 6.239999730e+00 4.975009543e+00
 6.345000000e+00 4.975009543e+00 6.344999724e+00 4.975009543e+00
 6.360000000e+00 4.975009543e+00 6.359999724e+00 4.975009543e+00
 6.450000000e+00 4.975009543e+00 6.449999719e+00 4.975009543e+00
 6.465000000e+00 4.975009543e+00 6.464999718e+00 4.975009543e+00
 6.480000000e+00 4.975009543e+00 6.479999717e+00 4.975009543e+00
 6.585000000e+00 4.975009543e+00 6.584999711e+00 4.975009543e+00
 6.600000000e+00 4.975009543e+00 6.599999710e+00 4.975009543e+00
 6.705000000e+00 4.975009543e+00 6.704999704e+00 4.975009543e+00
 6.720000000e+00 4.975009543e+00 6.719999704e+00 4.975009543e+00
 6.825000000e+00 4.975009543e+00 6.824999698e+00 4.975009543e+00
 6.840000000e+00 4.975009543e+00 6.839999697e+00 4.975009543e+00
 6.945000000e+00 4.975009543e+00 6.944999691e+00 4.975009543e+00
 6.960000000e+00 4.975009543e+00 6.959999690e+00 4.975009543e+00
 7.065000000e+00 4.975009543e+00 7.064999685e+00 4.975009543e+00
 7.080000000e+00 4.975009543e+00 7.079999684e+00 4.975009543e+00
 7.185000000e+00 4.975009543e+00 7.184999678e+00 4.975009543e+00
 7.200000000e+00 4.975009543e+00 7.199999677e+00 4.975009543e+00
 7.305000000e+00 4.975009543e+00 7.304999671e+00 4.975009543e+00
 7.320000000e+00 4.975009543e+00 7.319999670e+00 4.975009543e+00
 7.425000000e+00 4.975009543e+00 7.424999665e+00 4.975009543e+00
 7.440000000e+00 4.975009543e+00 7.439999664e+00 4.975009543e+00
 7.545000000e+00 4.975009543e+00 7.544999658e+00 4.975009543e+00
 7.560000000e+00 4.975009543e+00 7.559999657e+00 4.975009543e+00
 7.665000000e+00 4.975009543e+00 7.664999651e+00 4.975009543e+00
 7.680000000e+00 4.975009543e+00 7.679999651e+00 4.975009543e+00
 7.785000000e+00 4.975009543e+00 7.784999645e+00 4.975009543e+00
 7.800000000e+00 4.975009543e+00 7.799999644e+00 4.975009543e+00
 7.905000000e+00 4.975009543e+00 7.904999638e+00 4.975009543e+00
 7.920000000e+00 4.975009543e+00 7.919999637e+00 4.975009543e+00
 8.025000000e+00 4.975009543e+00 8.024999632e+00 4.975009543e+00
 8.040000000e+00 4.975009543e+00 8.039999631e+00 4.975009543e+00
 8.145000000e+00 4.975009543e+00 8.144999625e+00 4.975009543e+00
 8.160000000e+00 4.975009543e+00 8.159999624e+00 4.975009543e+00
 8.265000000e+00 4.975009543e+00 8.264999618e+00 4.975009543e+00
 8.280000000e+00 4.975009543e+00 8.279999617e+00 4.975009543e+00
 8.385000000e+00 4.975009543e+00 8.384999612e+00 4.975009543e+00
 8.400000000e+00 4.975009543e+00 8.399999611e+00 4.975009543e+00
 8.445000000e+00 4.975009543e+00 8.444999608e+00 4.975009543e+00
 8.505000000e+00 4.975009543e+00 8.504999605e+00 4.975009543e+00
 8.520000000e+00 4.975009543e+00 8.519999604e+00 4.975009543e+00
 8.625000000e+00 4.975009543e+00 8.624999598e+00 4.975009543e+00
 8.640000000e+00 4.975009543e+00 8.639999597e+00 4.975009543e+00
 8.745000000e+00 4.975009543e+00 8.744999592e+00 4.975009543e+00
 8.760000000e+00 4.975009543e+00 8.759999591e+00 4.975009543e+00
 8.865000000e+00 4.975009543e+00 8.864999585e+00 4.975009543e+00
 8.880000000e+00 4.975009543e+00 8.879999584e+00 4.975009543e+00
 8.985000000e+00 4.975009543e+00 8.984999578e+00 4.975009543e+00
 9.000000000e+00 4.975009543e+00 8.999999578e+00 4.975009543e+00
 9.105000000e+00 4.975009543e+00 9.104999572e+00 4.975009543e+00
 9.120000000e+00 4.975009543e+00 9.119999571e+00 4.975009543e+00
 9.225000000e+00 4.975009543e+00 9.224999565e+00 4.975009543e+00
 9.240000000e+00 4.975009543e+00 9.239999564e+00 4.975009543e+00
 9.345000000e+00 4.975009543e+00 9.344999558e+00 4.975009543e+00
 9.360000000e+00 4.975009543e+00 9.359999558e+00 4.975009543e+00
 9.450000000e+00 4.975009543e+00 9.449999553e+00 4.975009543e+00
 9.465000000e+00 4.975009543e+00 9.464999552e+00 4.975009543e+00
 9.480000000e+00 4.975009543e+00 9.479999551e+00 4.975009543e+00
 9.585000000e+00 4.975009543e+00 9.584999545e+00 4.975009543e+00
 9.600000000e+00 4.975009543e+00 9.599999544e+00 4.975009543e+00
 9.705000000e+00 4.975009543e+00 9.704999539e+00 4.975009543e+00
 9.720000000e+00 4.975009543e+00 9.719999538e+00 4.975009543e+00
 9.825000000e+00 4.975009543e+00 9.824999532e+00 4.975009543e+00
 9.840000000e+00 4.975009543e+00 9.839999531e+00 4.975009543e+00
 9.945000000e+00 4.975009543e+00 9.944999525e+00 4.975009543e+00
 9.960000000e+00 4.975009543e+00 9.959999525e+00 4.975009543e+00
 1.006500000e+01 4.975009543e+00 1.006499952e+01 4.975009543e+00
 1.008000000e+01 4.975009543e+00 1.007999952e+01 4.975009543e+00
 1.018500000e+01 4.975009543e+00 1.018499951e+01 4.975009543e+00
 1.020000000e+01 4.975009543e+00 1.019999951e+01 4.975009543e+00
 1.030500000e+01 4.975009543e+00 1.030499950e+01 4.975009543e+00
 1.032000000e+01 4.975009543e+00 1.031999951e+01 4.975009543e+00
 1.042500000e+01 4.975009543e+00 1.042499950e+01 4.975009543e+00
 1.044000000e+01 4.975009543e+00 1.043999950e+01 4.975009543e+00
 1.054500000e+01 4.975009543e+00 1.054499949e+01 4.975009543e+00
 1.056000000e+01 4.975009543e+00 1.055999949e+01 4.975009543e+00
 1.066500000e+01 4.975009543e+00 1.066499948e+01 4.975009543e+00
 1.068000000e+01 4.975009543e+00 1.067999948e+01 4.975009543e+00
 1.078500000e+01 4.975009543e+00 1.078499948e+01 4.975009543e+00
 1.080000000e+01 4.975009543e+00 1.079999948e+01 4.975009543e+00
 1.090500000e+01 4.975009543e+00 1.090499947e+01 4.975009543e+00
 1.092000000e+01 4.975009543e+00 1.091999947e+01 4.975009543e+00
 1.102500000e+01 4.975009543e+00 1.102499947e+01 4.975009543e+00
 1.104000000e+01 4.975009543e+00 1.103999946e+01 4.975009543e+00
 1.114500000e+01 4.975009543e+00 1.114499946e+01 4.975009543e+00
 1.116000000e+01 4.975009543e+00 1.115999946e+01 4.975009543e+00
 1.126500000e+01 4.975009543e+00 1.126499945e+01 4.975009543e+00
 1.128000000e+01 4.975009543e+00 1.127999945e+01 4.975009543e+00
 1.138500000e+01 4.975009543e+00 1.138499945e+01 4.975009543e+00
 1.140000000e+01 4.975009543e+00 1.139999945e+01 4.975009543e+00
 1.144500000e+01 4.975009543e+00 1.144499944e+01 4.975009543e+00
 1.150500000e+01 4.975009543e+00 1.150499944e+01 4.975009543e+00
 1.152000000e+01 4.975009543e+00 1.151999944e+01 4.975009543e+00
 1.162500000e+01 4.975009543e+00 1.162499943e+01 4.975009543e+00
 1.164000000e+01 4.975009543e+00 1.163999943e+01 4.975009543e+00
 1.174500000e+01 4.975009543e+00 1.174499943e+01 4.975009543e+00
 1.176000000e+01 4.975009543e+00 1.175999943e+01 4.975009543e+00
 1.186500000e+01 4.975009543e+00 1.186499942e+01 4.975009543e+00
 1.188000000e+01 4.975009543e+00 1.187999942e+01 4.975009543e+00
 1.198500000e+01 4.975009543e+00 1.198499941e+01 4.975009543e+00
 1.200000000e+01 4.975009543e+00 1.199999941e+01 4.975009543e+00
 1.210500000e+01 4.975009543e+00 1.210499941e+01 4.975009543e+00
 1.212000000e+01 4.975009543e+00 1.211999940e+01 4.975009543e+00
 1.222500000e+01 4.975009543e+00 1.222499940e+01 4.975009543e+00
 1.224000000e+01 4.975009543e+00 1.223999940e+01 4.975009543e+00
 1.234500000e+01 4.975009543e+00 1.234499939e+01 4.975009543e+00
 1.236000000e+01 4.975009543e+00 1.235999939e+01 4.975009543e+00
 1.245000000e+01 4.975009543e+00 1.244999939e+01 4.975009543e+00
 1.246500000e+01 4.975009543e+00 1.246499939e+01 4.975009543e+00
 1.248000000e+01 4.975009543e+00 1.247999938e+01 4.975009543e+00
 1.258500000e+01 4.975009543e+00 1.258499938e+01 4.975009543e+00
 1.260000000e+01 4.975009543e+00 1.259999938e+01 4.975009543e+00
 1.270500000e+01 4.975009543e+00 1.270499937e+01 4.975009543e+00
 1.272000000e+01 4.975009543e+00 1.271999937e+01 4.975009543e+00
 1.282500000e+01 4.975009543e+00 1.282499937e+01 4.975009543e+00
 1.284000000e+01 4.975009543e+00 1.283999937e+01 4.975009543e+00
 1.294500000e+01 4.975009543e+00 1.294499936e+01 4.975009543e+00
 1.296000000e+01 4.975009543e+00 1.295999936e+01 4.975009543e+00
 1.306500000e+01 4.975009543e+00 1.306499935e+01 4.975009543e+00
 1.308000000e+01 4.975009543e+00 1.307999935e+01 4.975009543e+00
 1.318500000e+01 4.975009543e+00 1.318499935e+01 4.975009543e+00
 1.320000000e+01 4.975009543e+00 1.319999935e+01 4.975009543e+00
 1.330500000e+01 4.975009543e+00 1.330499934e+01 4.975009543e+00
 1.332000000e+01 4.975009543e+00 1.331999934e+01 4.975009543e+00
 1.342500000e+01 4.975009543e+00 1.342499933e+01 4.975009543e+00
 1.344000000e+01 4.975009544e+00 1.343999933e+01 4.975009544e+00
 1.354500000e+01 4.975009544e+00 1.354499933e+01 4.975009544e+00
 1.356000000e+01 4.975009544e+00 1.355999932e+01 4.975009544e+00
 1.366500000e+01 4.975009544e+00 1.366499932e+01 4.975009544e+00
 1.368000000e+01 4.975009544e+00 1.367999932e+01 4.975009544e+00
 1.378500000e+01 4.975009544e+00 1.378499931e+01 4.975009544e+00
 1.380000000e+01 4.975009544e+00 1.379999931e+01 4.975009544e+00
 1.390500000e+01 4.975009544e+00 1.390499931e+01 4.975009544e+00
 1.392000000e+01 4.975009544e+00 1.391999930e+01 4.975009544e+00
 1.402500000e+01 4.975009544e+00 1.402499930e+01 4.975009544e+00
 1.404000000e+01 4.975009544e+00 1.403999930e+01 4.975009544e+00
 1.414500000e+01 4.975009544e+00 1.414499929e+01 4.975009544e+00
 1.416000000e+01 4.975009544e+00 1.415999929e+01 4.975009544e+00
 1.426500000e+01 4.975009544e+00 1.426499929e+01 4.975009544e+00
 1.428000000e+01 4.975009544e+00 1.427999929e+01 4.975009544e+00
 1.438500000e+01 4.975009544e+00 1.438499928e+01 4.975009544e+00
 1.440000000e+01 4.975009544e+00 1.439999928e+01 4.975009544e+00
 1.444500000e+01 4.975009544e+00 1.444499928e+01 4.975009544e+00
 1.450500000e+01 4.975009544e+00 1.450499927e+01 4.975009544e+00
 1.452000000e+01 4.975009544e+00 1.451999927e+01 4.975009544e+00
 1.462500000e+01 4.975009544e+00 1.462499927e+01 4.975009544e+00
 1.464000000e+01 4.975009544e+00 1.463999927e+01 4.975009544e+00
 1.474500000e+01 4.975009544e+00 1.474499926e+01 4.975009544e+00
 1.476000000e+01 4.975009544e+00 1.475999926e+01 4.975009544e+00
 1.486500000e+01 4.975009544e+00 1.486499925e+01 4.975009544e+00
 1.488000000e+01 4.975009544e+00 1.487999925e+01 4.975009544e+00
 1.498500000e+01 4.975009544e+00 1.498499925e+01 4.975009544e+00
