 frequency v(x_u1_b_oa) v(x_u1_b_oa) v(x_u1_b_oi) v(x_u1_b_oi)
 1.000000000e+00 9.999974877e-01 -1.001592886e-06 -2.512248668e-06 -1.001592886e-06
 1.047128548e+00 9.999974878e-01 -1.048796584e-06 -2.512187639e-06 -1.048796584e-06
 1.096478196e+00 9.999974879e-01 -1.098224936e-06 -2.512120721e-06 -1.098224936e-06
 1.122018454e+00 9.999974879e-01 -1.123805931e-06 -2.512084878e-06 -1.123805931e-06
 1.174897555e+00 9.999974880e-01 -1.176769385e-06 -2.512008046e-06 -1.176769385e-06
 1.230268771e+00 9.999974881e-01 -1.232228947e-06 -2.511923802e-06 -1.232228947e-06
 1.258925412e+00 9.999974881e-01 -1.260931317e-06 -2.511878679e-06 -1.260931317e-06
 1.318256739e+00 9.999974882e-01 -1.320357338e-06 -2.511781953e-06 -1.320357338e-06
 1.348962883e+00 9.999974883e-01 -1.351112499e-06 -2.511730145e-06 -1.351112499e-06
 1.412537545e+00 9.999974884e-01 -1.414788664e-06 -2.511619089e-06 -1.414788664e-06
 1.479108388e+00 9.999974885e-01 -1.481465824e-06 -2.511497319e-06 -1.481465824e-06
 1.513561248e+00 9.999974886e-01 -1.515973719e-06 -2.511432096e-06 -1.515973719e-06
 1.584893193e+00 9.999974887e-01 -1.587419636e-06 -2.511292285e-06 -1.587419636e-06
 1.621810097e+00 9.999974888e-01 -1.624395540e-06 -2.511217400e-06 -1.624395540e-06
 1.698243652e+00 9.999974889e-01 -1.700951284e-06 -2.511056876e-06 -1.700951284e-06
 1.778279410e+00 9.999974891e-01 -1.781115038e-06 -2.510880864e-06 -1.781115038e-06
 1.819700859e+00 9.999974892e-01 -1.822602750e-06 -2.510786589e-06 -1.822602750e-06
 1.905460718e+00 9.999974894e-01 -1.908499852e-06 -2.510584502e-06 -1.908499852e-06
 1.949844600e+00 9.999974895e-01 -1.952954787e-06 -2.510476260e-06 -1.952954787e-06
 2.041737945e+00 9.999974898e-01 -2.044995301e-06 -2.510244232e-06 -2.044995301e-06
 2.137962090e+00 9.999974900e-01 -2.141373638e-06 -2.509989819e-06 -2.141373638e-06
 2.187761624e+00 9.999974901e-01 -2.191253009e-06 -2.509853551e-06 -2.191253009e-06
 2.290867653e+00 9.999974904e-01 -2.294524416e-06 -2.509561446e-06 -2.294524416e-06
 2.344228815e+00 9.999974906e-01 -2.347971213e-06 -2.509404990e-06 -2.347971213e-06
 2.454708916e+00 9.999974909e-01 -2.458628713e-06 -2.509069609e-06 -2.458628713e-06
 2.570395783e+00 9.999974913e-01 -2.574501492e-06 -2.508701872e-06 -2.574501492e-06
 2.630267992e+00 9.999974915e-01 -2.634469981e-06 -2.508504906e-06 -2.634469981e-06
 2.754228703e+00 9.999974919e-01 -2.758630176e-06 -2.508082689e-06 -2.758630176e-06
 2.818382931e+00 9.999974921e-01 -2.822887721e-06 -2.507856542e-06 -2.822887721e-06
 2.951209227e+00 9.999974926e-01 -2.955928104e-06 -2.507371772e-06 -2.955928104e-06
 3.090295433e+00 9.999974932e-01 -3.095238751e-06 -2.506840234e-06 -3.095238751e-06
 3.162277660e+00 9.999974934e-01 -3.167337245e-06 -2.506555533e-06 -3.167337245e-06
 3.311311215e+00 9.999974941e-01 -3.316611769e-06 -2.505945247e-06 -3.316611769e-06
 3.388441561e+00 9.999974944e-01 -3.393866962e-06 -2.505618368e-06 -3.393866962e-06
 3.548133892e+00 9.999974951e-01 -3.553818083e-06 -2.504917669e-06 -3.553818083e-06
 3.715352291e+00 9.999974958e-01 -3.721307927e-06 -2.504149369e-06 -3.721307927e-06
 3.801893963e+00 9.999974963e-01 -3.807990273e-06 -2.503737856e-06 -3.807990273e-06
 3.981071705e+00 9.999974971e-01 -3.987459702e-06 -2.502855735e-06 -3.987459702e-06
 4.073802778e+00 9.999974976e-01 -4.080341969e-06 -2.502383256e-06 -4.080341969e-06
 4.265795188e+00 9.999974986e-01 -4.272647946e-06 -2.501370450e-06 -4.272647946e-06
 4.466835922e+00 9.999974997e-01 -4.474017822e-06 -2.500259935e-06 -4.474017822e-06
 4.570881896e+00 9.999975003e-01 -4.578234473e-06 -2.499665126e-06 -4.578234473e-06
 4.786300923e+00 9.999975016e-01 -4.794007623e-06 -2.498390093e-06 -4.794007623e-06
 4.897788194e+00 9.999975023e-01 -4.905678574e-06 -2.497707165e-06 -4.905678574e-06
 5.128613840e+00 9.999975038e-01 -5.136885439e-06 -2.496243242e-06 -5.136885439e-06
 5.370317964e+00 9.999975054e-01 -5.378990135e-06 -2.494638091e-06 -5.378990135e-06
 5.495408739e+00 9.999975062e-01 -5.504288799e-06 -2.493778348e-06 -5.504288799e-06
 5.754399373e+00 9.999975081e-01 -5.763711155e-06 -2.491935407e-06 -5.763711155e-06
 5.888436554e+00 9.999975090e-01 -5.897972478e-06 -2.490948300e-06 -5.897972478e-06
 6.165950019e+00 9.999975112e-01 -6.175951618e-06 -2.488832343e-06 -6.175951618e-06
 6.456542290e+00 9.999975135e-01 -6.467033920e-06 -2.486512261e-06 -6.467033920e-06
 6.606934480e+00 9.999975147e-01 -6.617680724e-06 -2.485269593e-06 -6.617680724e-06
 6.918309709e+00 9.999975174e-01 -6.929585376e-06 -2.482605819e-06 -6.929585376e-06
 7.079457844e+00 9.999975188e-01 -7.091008743e-06 -2.481179066e-06 -7.091008743e-06
 7.413102413e+00 9.999975219e-01 -7.425225946e-06 -2.478120694e-06 -7.425225946e-06
 7.762471166e+00 9.999975252e-01 -7.775198506e-06 -2.474767294e-06 -7.775198506e-06
 7.943282347e+00 9.999975270e-01 -7.956323926e-06 -2.472971172e-06 -7.956323926e-06
 8.317637711e+00 9.999975309e-01 -8.331333833e-06 -2.469121032e-06 -8.331333833e-06
 8.511380382e+00 9.999975329e-01 -8.525417404e-06 -2.467058852e-06 -8.525417404e-06
 8.912509381e+00 9.999975374e-01 -8.927257050e-06 -2.462638400e-06 -8.927257050e-06
 9.332543008e+00 9.999975422e-01 -9.348042089e-06 -2.457791555e-06 -9.348042089e-06
 9.549925860e+00 9.999975448e-01 -9.565816861e-06 -2.455195535e-06 -9.565816861e-06
 1.000000000e+01 9.999975504e-01 -1.001670928e-05 -2.449630774e-06 -1.001670928e-05
 1.047128548e+01 9.999975565e-01 -1.048886187e-05 -2.443529265e-06 -1.048886187e-05
 1.071519305e+01 9.999975597e-01 -1.073322250e-05 -2.440261246e-06 -1.073322250e-05
 1.122018454e+01 9.999975667e-01 -1.123916165e-05 -2.433256032e-06 -1.123916165e-05
 1.148153622e+01 9.999975705e-01 -1.150100905e-05 -2.429503991e-06 -1.150100905e-05
 1.202264435e+01 9.999975785e-01 -1.204315543e-05 -2.421461265e-06 -1.204315543e-05
 1.258925412e+01 9.999975874e-01 -1.261087023e-05 -2.412642866e-06 -1.261087023e-05
 1.288249552e+01 9.999975921e-01 -1.290469098e-05 -2.407919695e-06 -1.290469098e-05
 1.348962883e+01 9.999976022e-01 -1.351304056e-05 -2.397795350e-06 -1.351304056e-05
 1.380384265e+01 9.999976076e-01 -1.382789300e-05 -2.392372729e-06 -1.382789300e-05
 1.445439771e+01 9.999976192e-01 -1.447979094e-05 -2.380749128e-06 -1.447979094e-05
 1.513561248e+01 9.999976320e-01 -1.516244291e-05 -2.368004679e-06 -1.516244291e-05
 1.548816619e+01 9.999976388e-01 -1.551575335e-05 -2.361178773e-06 -1.551575335e-05
 1.621810097e+01 9.999976535e-01 -1.624728407e-05 -2.346547298e-06 -1.624728407e-05
 1.659586907e+01 9.999976613e-01 -1.662589405e-05 -2.338710748e-06 -1.662589405e-05
 1.737800829e+01 9.999976781e-01 -1.740981218e-05 -2.321913033e-06 -1.740981218e-05
 1.819700859e+01 9.999976965e-01 -1.823072912e-05 -2.303495906e-06 -1.823072912e-05
 1.862087137e+01 9.999977064e-01 -1.865560632e-05 -2.293631884e-06 -1.865560632e-05
 1.949844600e+01 9.999977275e-01 -1.953533189e-05 -2.272488515e-06 -1.953533189e-05
 1.995262315e+01 9.999977388e-01 -1.999064990e-05 -2.261164434e-06 -1.999064990e-05
 2.089296131e+01 9.999977631e-01 -2.093341243e-05 -2.236891659e-06 -2.093341243e-05
 2.187761624e+01 9.999977897e-01 -2.192069960e-05 -2.210279599e-06 -2.192069960e-05
 2.238721139e+01 9.999978040e-01 -2.243169610e-05 -2.196026789e-06 -2.243169610e-05
 2.344228815e+01 9.999978345e-01 -2.348976225e-05 -2.165476907e-06 -2.348976225e-05
 2.398832919e+01 9.999978509e-01 -2.403739846e-05 -2.149115273e-06 -2.403739846e-05
 2.511886431e+01 9.999978860e-01 -2.517134451e-05 -2.114045707e-06 -2.517134451e-05
 2.630267992e+01 9.999979244e-01 -2.635889439e-05 -2.075597933e-06 -2.635889439e-05
 2.691534804e+01 9.999979450e-01 -2.697356300e-05 -2.055006881e-06 -2.697356300e-05
 2.818382931e+01 9.999979891e-01 -2.824633895e-05 -2.010873059e-06 -2.824633895e-05
 2.884031503e+01 9.999980128e-01 -2.890513077e-05 -1.987237176e-06 -2.890513077e-05
 3.019951720e+01 9.999980634e-01 -3.026929554e-05 -1.936578118e-06 -3.026929554e-05
 3.162277660e+01 9.999981190e-01 -3.169803378e-05 -1.881042509e-06 -3.169803378e-05
 3.235936569e+01 9.999981487e-01 -3.243757620e-05 -1.851301362e-06 -3.243757620e-05
 3.388441561e+01 9.999982124e-01 -3.396900612e-05 -1.787559100e-06 -3.396900612e-05
 3.467368504e+01 9.999982466e-01 -3.476172234e-05 -1.753423821e-06 -3.476172234e-05
 3.630780548e+01 9.999983197e-01 -3.640330540e-05 -1.680265784e-06 -3.640330540e-05
 3.801893963e+01 9.999983999e-01 -3.812274409e-05 -1.600072434e-06 -3.812274409e-05
 3.890451450e+01 9.999984429e-01 -3.901282137e-05 -1.557129285e-06 -3.901282137e-05
 4.073802778e+01 9.999985349e-01 -4.085611713e-05 -1.465099148e-06 -4.085611713e-05
 4.168693835e+01 9.999985842e-01 -4.181034196e-05 -1.415819127e-06 -4.181034196e-05
 4.365158322e+01 9.999986898e-01 -4.378655592e-05 -1.310212564e-06 -4.378655592e-05
 4.570881896e+01 9.999988055e-01 -4.585675651e-05 -1.194464942e-06 -4.585675651e-05
 4.677351413e+01 9.999988675e-01 -4.692851628e-05 -1.132488972e-06 -4.692851628e-05
 4.897788194e+01 9.999990003e-01 -4.914830978e-05 -9.996850373e-07 -4.914830978e-05
 5.011872336e+01 9.999990714e-01 -5.029757073e-05 -9.285799141e-07 -5.029757073e-05
 5.248074603e+01 9.999992238e-01 -5.267800748e-05 -7.762219535e-07 -5.267800748e-05
 5.495408739e+01 9.999993907e-01 -5.517210555e-05 -6.092642048e-07 -5.517210555e-05
 5.623413252e+01 9.999994801e-01 -5.646350815e-05 -5.198814425e-07 -5.646350815e-05
 5.888436554e+01 9.999996716e-01 -5.913864080e-05 -3.283803975e-07 -5.913864080e-05
 6.025595861e+01 9.999997741e-01 -6.052387623e-05 -2.258653709e-07 -6.052387623e-05
 6.309573445e+01 9.999999938e-01 -6.339359916e-05 -6.245760131e-09 -6.339359916e-05
 6.606934480e+01 1.000000234e+00 -6.640112260e-05 2.343551106e-07 -6.640112260e-05
 6.760829754e+01 1.000000363e+00 -6.795869185e-05 3.631360879e-07 -6.795869185e-05
 7.079457844e+01 1.000000639e+00 -7.118591441e-05 6.389825844e-07 -7.118591441e-05
 7.244359601e+01 1.000000787e+00 -7.285742914e-05 7.866135330e-07 -7.285742914e-05
 7.585775750e+01 1.000001103e+00 -7.632111366e-05 1.102800723e-06 -7.632111366e-05
 7.943282347e+01 1.000001449e+00 -7.995245545e-05 1.449061597e-06 -7.995245545e-05
 8.128305162e+01 1.000001634e+00 -8.183365030e-05 1.634339583e-06 -8.183365030e-05
 8.511380382e+01 1.000002031e+00 -8.573266073e-05 2.031067260e-06 -8.573266073e-05
 8.709635900e+01 1.000002243e+00 -8.775280262e-05 2.243317577e-06 -8.775280262e-05
 9.120108394e+01 1.000002698e+00 -9.194043296e-05 2.697725856e-06 -9.194043296e-05
 9.549925860e+01 1.000003195e+00 -9.633304781e-05 3.195077654e-06 -9.633304781e-05
 9.772372210e+01 1.000003461e+00 -9.860956527e-05 3.461082696e-06 -9.860956527e-05
 1.023292992e+02 1.000004030e+00 -1.033300614e-04 4.030388408e-06 -1.033300614e-04
 1.071519305e+02 1.000004653e+00 -1.082837411e-04 4.653204108e-06 -1.082837411e-04
 1.096478196e+02 1.000004986e+00 -1.108519139e-04 4.986187216e-06 -1.108519139e-04
 1.148153621e+02 1.000005699e+00 -1.161791410e-04 5.698545580e-06 -1.161791410e-04
 1.174897555e+02 1.000006079e+00 -1.189416415e-04 6.079298458e-06 -1.189416415e-04
 1.230268771e+02 1.000006894e+00 -1.246734592e-04 6.893609098e-06 -1.246734592e-04
 1.288249552e+02 1.000007784e+00 -1.306938002e-04 7.783552316e-06 -1.306938002e-04
 1.318256739e+02 1.000008259e+00 -1.338171991e-04 8.258963857e-06 -1.338171991e-04
 1.380384265e+02 1.000009275e+00 -1.403011290e-04 9.275110528e-06 -1.403011290e-04
 1.412537545e+02 1.000009818e+00 -1.436661544e-04 9.817726424e-06 -1.436661544e-04
 1.479108388e+02 1.000010977e+00 -1.506541636e-04 1.097701421e-05 -1.506541636e-04
 1.548816619e+02 1.000012242e+00 -1.580029058e-04 1.224210544e-05 -1.580029058e-04
 1.584893192e+02 1.000012917e+00 -1.618191942e-04 1.291712000e-05 -1.618191942e-04
 1.659586907e+02 1.000014358e+00 -1.697497603e-04 1.435801911e-05 -1.697497603e-04
 1.698243652e+02 1.000015126e+00 -1.738700206e-04 1.512639829e-05 -1.738700206e-04
 1.778279410e+02 1.000016766e+00 -1.824363138e-04 1.676556252e-05 -1.824363138e-04
 1.862087137e+02 1.000018551e+00 -1.914595053e-04 1.855048422e-05 -1.914595053e-04
 1.905460718e+02 1.000019501e+00 -1.961513875e-04 1.950121737e-05 -1.961513875e-04
 1.995262315e+02 1.000021527e+00 -2.059148778e-04 2.152681849e-05 -2.059148778e-04
 2.041737945e+02 1.000022605e+00 -2.109946098e-04 2.260484489e-05 -2.109946098e-04
 2.137962089e+02 1.000024900e+00 -2.215716011e-04 2.489954041e-05 -2.215716011e-04
 2.238721139e+02 1.000027390e+00 -2.327361165e-04 2.739044762e-05 -2.327361165e-04
 2.290867653e+02 1.000028714e+00 -2.385509732e-04 2.871386666e-05 -2.385509732e-04
 2.398832919e+02 1.000031526e+00 -2.506722442e-04 3.152567109e-05 -2.506722442e-04
 2.454708916e+02 1.000033018e+00 -2.569898663e-04 3.301774561e-05 -2.569898663e-04
 2.570395783e+02 1.000036184e+00 -2.701688838e-04 3.618360058e-05 -2.701688838e-04
 2.691534804e+02 1.000039604e+00 -2.841156328e-04 3.960433248e-05 -2.841156328e-04
 2.754228703e+02 1.000041415e+00 -2.913939391e-04 4.141500528e-05 -2.913939391e-04
 2.884031503e+02 1.000045246e+00 -3.065970218e-04 4.524632171e-05 -3.065970218e-04
 2.951209227e+02 1.000047271e+00 -3.145373687e-04 4.727063244e-05 -3.145373687e-04
 3.090295433e+02 1.000051545e+00 -3.311370660e-04 5.154541283e-05 -3.311370660e-04
 3.235936569e+02 1.000056133e+00 -3.487546918e-04 5.613282775e-05 -3.487546918e-04
 3.311311215e+02 1.000058548e+00 -3.579688306e-04 5.854761730e-05 -3.579688306e-04
 3.467368505e+02 1.000063626e+00 -3.772583588e-04 6.362608784e-05 -3.772583588e-04
 3.548133892e+02 1.000066292e+00 -3.873552079e-04 6.629204171e-05 -3.873552079e-04
 3.715352291e+02 1.000071882e+00 -4.085099083e-04 7.188177106e-05 -4.085099083e-04
 3.890451450e+02 1.000077819e+00 -4.310268607e-04 7.781864431e-05 -4.310268607e-04
 3.981071705e+02 1.000080918e+00 -4.428282286e-04 8.091757679e-05 -4.428282286e-04
 4.168693835e+02 1.000087374e+00 -4.675849125e-04 8.737443295e-05 -4.675849125e-04
 4.265795188e+02 1.000090730e+00 -4.805689116e-04 9.073049736e-05 -4.805689116e-04
 4.466835921e+02 1.000097690e+00 -5.078234920e-04 9.769017515e-05 -5.078234920e-04
 4.677351413e+02 1.000104964e+00 -5.368993673e-04 1.049641117e-04 -5.368993673e-04
 4.786300923e+02 1.000108711e+00 -5.521617125e-04 1.087109804e-04 -5.521617125e-04
 5.011872336e+02 1.000116403e+00 -5.842219287e-04 1.164032954e-04 -5.842219287e-04
 5.128613840e+02 1.000120338e+00 -6.010557267e-04 1.203382034e-04 -6.010557267e-04
 5.370317964e+02 1.000128354e+00 -6.364233357e-04 1.283534767e-04 -6.364233357e-04
 5.623413252e+02 1.000136510e+00 -6.741849176e-04 1.365101936e-04 -6.741849176e-04
 5.754399373e+02 1.000140618e+00 -6.940121554e-04 1.406184718e-04 -6.940121554e-04
 6.025595861e+02 1.000148840e+00 -7.356585151e-04 1.488399476e-04 -7.356585151e-04
 6.165950019e+02 1.000152928e+00 -7.575174907e-04 1.529279860e-04 -7.575174907e-04
 6.456542290e+02 1.000160987e+00 -8.034064776e-04 1.609873008e-04 -8.034064776e-04
 6.760829754e+02 1.000168782e+00 -8.523209687e-04 1.687819775e-04 -8.523209687e-04
 6.918309709e+02 1.000172535e+00 -8.779607027e-04 1.725346226e-04 -8.779607027e-04
 7.244359601e+02 1.000179649e+00 -9.316969634e-04 1.796486799e-04 -9.316969634e-04
 7.413102413e+02 1.000182966e+00 -9.598283067e-04 1.829655867e-04 -9.598283067e-04
 7.762471166e+02 1.000188999e+00 -1.018698266e-03 1.889986277e-04 -1.018698266e-03
 8.128305162e+02 1.000194056e+00 -1.081140424e-03 1.940561030e-04 -1.081140424e-03
 8.317637711e+02 1.000196149e+00 -1.113732401e-03 1.961494077e-04 -1.113732401e-03
 8.709635900e+02 1.000199317e+00 -1.181708229e-03 1.993173126e-04 -1.181708229e-03
 8.912509381e+02 1.000200330e+00 -1.217107197e-03 2.003302701e-04 -1.217107197e-03
 9.332543008e+02 1.000201055e+00 -1.290751313e-03 2.010552737e-04 -1.290751313e-03
 9.772372210e+02 1.000199829e+00 -1.368199109e-03 1.998290884e-04 -1.368199109e-03
 1.000000000e+03 1.000198403e+00 -1.408344636e-03 1.984025536e-04 -1.408344636e-03
 1.047128548e+03 1.000193761e+00 -1.491449727e-03 1.937606348e-04 -1.491449727e-03
 1.096478196e+03 1.000186524e+00 -1.578240790e-03 1.865241584e-04 -1.578240790e-03
 1.122018454e+03 1.000181858e+00 -1.622985028e-03 1.818579064e-04 -1.622985028e-03
 1.174897555e+03 1.000170291e+00 -1.715083865e-03 1.702907568e-04 -1.715083865e-03
 1.202264435e+03 1.000163340e+00 -1.762397120e-03 1.633395259e-04 -1.762397120e-03
 1.258925412e+03 1.000146992e+00 -1.859432975e-03 1.469916036e-04 -1.859432975e-03
 1.318256739e+03 1.000127265e+00 -1.959503130e-03 1.272648952e-04 -1.959503130e-03
 1.348962883e+03 1.000116101e+00 -2.010603869e-03 1.161006773e-04 -2.010603869e-03
 1.412537545e+03 1.000091130e+00 -2.114782950e-03 9.112994622e-05 -2.114782950e-03
 1.445439771e+03 1.000077317e+00 -2.167797880e-03 7.731721811e-05 -2.167797880e-03
 1.513561248e+03 1.000047048e+00 -2.275518706e-03 4.704785064e-05 -2.275518706e-03
 1.584893192e+03 1.000013310e+00 -2.385284927e-03 1.330983336e-05 -2.385284927e-03
 1.621810097e+03 9.999951749e-01 -2.440859788e-03 -4.825068493e-06 -2.440859788e-03
 1.698243653e+03 9.999564743e-01 -2.553254479e-03 -4.352567301e-05 -2.553254479e-03
 1.737800829e+03 9.999359593e-01 -2.610024546e-03 -6.404067133e-05 -2.610024546e-03
 1.819700859e+03 9.998927508e-01 -2.724603464e-03 -1.072491809e-04 -2.724603464e-03
 1.905460718e+03 9.998468729e-01 -2.840457955e-03 -1.531271359e-04 -2.840457955e-03
 1.949844600e+03 9.998230307e-01 -2.898834468e-03 -1.769693206e-04 -2.898834468e-03
 2.041737945e+03 9.997737544e-01 -3.016458659e-03 -2.262455573e-04 -3.016458659e-03
 2.089296131e+03 9.997484114e-01 -3.075706706e-03 -2.515886494e-04 -3.075706706e-03
 2.187761624e+03 9.996965519e-01 -3.195105251e-03 -3.034480478e-04 -3.195105251e-03
 2.290867653e+03 9.996434529e-01 -3.315795002e-03 -3.565471494e-04 -3.315795002e-03
 2.344228815e+03 9.996165612e-01 -3.376672330e-03 -3.834387742e-04 -3.376672330e-03
 2.454708916e+03 9.995623380e-01 -3.499623618e-03 -4.376619684e-04 -3.499623618e-03
 2.511886432e+03 9.995351024e-01 -3.561762022e-03 -4.648976301e-04 -3.561762022e-03
 2.630267992e+03 9.994806153e-01 -3.687553594e-03 -5.193846588e-04 -3.687553594e-03
 2.754228703e+03 9.994264019e-01 -3.815658434e-03 -5.735981237e-04 -3.815658434e-03
 2.818382931e+03 9.993995021e-01 -3.880700753e-03 -6.004978740e-04 -3.880700753e-03
 2.951209227e+03 9.993463092e-01 -4.013036405e-03 -6.536907823e-04 -4.013036405e-03
 3.019951720e+03 9.993200870e-01 -4.080446394e-03 -6.799129843e-04 -4.080446394e-03
 3.162277660e+03 9.992685523e-01 -4.218060554e-03 -7.314476942e-04 -4.218060554e-03
 3.311311215e+03 9.992184194e-01 -4.359838353e-03 -7.815806371e-04 -4.359838353e-03
 3.388441561e+03 9.991939409e-01 -4.432459845e-03 -8.060591290e-04 -4.432459845e-03
 3.548133892e+03 9.991462648e-01 -4.581524392e-03 -8.537352377e-04 -4.581524392e-03
 3.630780548e+03 9.991231025e-01 -4.658114039e-03 -8.768975049e-04 -4.658114039e-03
 3.801893963e+03 9.990782020e-01 -4.815783043e-03 -9.217980323e-04 -4.815783043e-03
 3.981071706e+03 9.990352731e-01 -4.979949285e-03 -9.647268621e-04 -4.979949285e-03
 4.073802778e+03 9.990145684e-01 -5.064663420e-03 -9.854316113e-04 -5.064663420e-03
 4.265795188e+03 9.989747034e-01 -5.239748562e-03 -1.025296574e-03 -5.239748562e-03
 4.365158322e+03 9.989555485e-01 -5.330279172e-03 -1.044451526e-03 -5.330279172e-03
 4.570881896e+03 9.989187959e-01 -5.517719117e-03 -1.081204108e-03 -5.517719117e-03
 4.786300923e+03 9.988841076e-01 -5.714206046e-03 -1.115892386e-03 -5.714206046e-03
 4.897788194e+03 9.988675287e-01 -5.816046971e-03 -1.132471249e-03 -5.816046971e-03
 5.128613840e+03 9.988358752e-01 -6.027337164e-03 -1.164124814e-03 -6.027337164e-03
 5.248074602e+03 9.988207874e-01 -6.136953151e-03 -1.179212635e-03 -6.136953151e-03
 5.495408739e+03 9.987920515e-01 -6.364547399e-03 -1.207948550e-03 -6.364547399e-03
 5.754399373e+03 9.987651773e-01 -6.603858449e-03 -1.234822711e-03 -6.603858449e-03
 5.888436554e+03 9.987524149e-01 -6.728122779e-03 -1.247585142e-03 -6.728122779e-03
 6.165950019e+03 9.987281890e-01 -6.986305252e-03 -1.271811024e-03 -6.986305252e-03
 6.309573445e+03 9.987167045e-01 -7.120400284e-03 -1.283295449e-03 -7.120400284e-03
 6.606934480e+03 9.986949388e-01 -7.399046939e-03 -1.305061193e-03 -7.399046939e-03
 6.918309709e+03 9.986747038e-01 -7.692246206e-03 -1.325296163e-03 -7.692246206e-03
 7.079457844e+03 9.986651327e-01 -7.844536235e-03 -1.334867349e-03 -7.844536235e-03
 7.413102413e+03 9.986470273e-01 -8.160974326e-03 -1.352972649e-03 -8.160974326e-03
 7.585775750e+03 9.986384712e-01 -8.325317397e-03 -1.361528850e-03 -8.325317397e-03
 7.943282347e+03 9.986222970e-01 -8.666750329e-03 -1.377702956e-03 -8.666750329e-03
 8.317637711e+03 9.986073025e-01 -9.025862918e-03 -1.392697475e-03 -9.025862918e-03
 8.511380382e+03 9.986002213e-01 -9.212312139e-03 -1.399778665e-03 -9.212312139e-03
 8.912509381e+03 9.985868399e-01 -9.599539052e-03 -1.413160056e-03 -9.599539052e-03
 9.120108394e+03 9.985805198e-01 -9.800539849e-03 -1.419480183e-03 -9.800539849e-03
 9.549925860e+03 9.985685723e-01 -1.021789005e-02 -1.431427713e-03 -1.021789005e-02
 1.000000000e+04 9.985574861e-01 -1.065649700e-02 -1.442513885e-03 -1.065649700e-02
 1.023292992e+04 9.985522434e-01 -1.088407786e-02 -1.447756569e-03 -1.088407786e-02
 1.071519305e+04 9.985423154e-01 -1.135642896e-02 -1.457684603e-03 -1.135642896e-02
 1.122018454e+04 9.985330748e-01 -1.185257728e-02 -1.466925180e-03 -1.185257728e-02
 1.148153622e+04 9.985286922e-01 -1.210991540e-02 -1.471307819e-03 -1.210991540e-02
 1.202264435e+04 9.985203635e-01 -1.264382600e-02 -1.479636455e-03 -1.264382600e-02
 1.230268771e+04 9.985164026e-01 -1.292069053e-02 -1.483597376e-03 -1.292069053e-02
 1.288249552e+04 9.985088515e-01 -1.349499307e-02 -1.491148456e-03 -1.349499307e-02
 1.348962883e+04 9.985017486e-01 -1.409777403e-02 -1.498251362e-03 -1.409777403e-02
 1.380384265e+04 9.984983485e-01 -1.441025020e-02 -1.501651506e-03 -1.441025020e-02
 1.445439771e+04 9.984918185e-01 -1.505821962e-02 -1.508181487e-03 -1.505821962e-02
 1.479108388e+04 9.984886761e-01 -1.539406302e-02 -1.511323876e-03 -1.539406302e-02
 1.548816619e+04 9.984826060e-01 -1.609037349e-02 -1.517393990e-03 -1.609037349e-02
 1.621810097e+04 9.984767825e-01 -1.682077408e-02 -1.523217475e-03 -1.682077408e-02
 1.659586907e+04 9.984739487e-01 -1.719924695e-02 -1.526051265e-03 -1.719924695e-02
 1.737800829e+04 9.984684086e-01 -1.798375625e-02 -1.531591409e-03 -1.798375625e-02
 1.778279410e+04 9.984656910e-01 -1.839021462e-02 -1.534308992e-03 -1.839021462e-02
 1.862087137e+04 9.984603330e-01 -1.923263167e-02 -1.539666969e-03 -1.923263167e-02
 1.949844600e+04 9.984550412e-01 -2.011590112e-02 -1.544958842e-03 -2.011590112e-02
 1.995262315e+04 9.984524062e-01 -2.057344557e-02 -1.547593778e-03 -2.057344557e-02
 2.089296131e+04 9.984471307e-01 -2.152158402e-02 -1.552869345e-03 -2.152158402e-02
 2.137962090e+04 9.984444788e-01 -2.201268793e-02 -1.555521148e-03 -2.201268793e-02
 2.238721139e+04 9.984391189e-01 -2.303028623e-02 -1.560881104e-03 -2.303028623e-02
 2.344228815e+04 9.984336452e-01 -2.409690852e-02 -1.566354760e-03 -2.409690852e-02
 2.398832919e+04 9.984308510e-01 -2.464931758e-02 -1.569149030e-03 -2.464931758e-02
 2.511886431e+04 9.984251170e-01 -2.579382043e-02 -1.574883053e-03 -2.579382043e-02
 2.570395783e+04 9.984221645e-01 -2.638653161e-02 -1.577835456e-03 -2.638653161e-02
 2.691534804e+04 9.984160561e-01 -2.761447372e-02 -1.583943875e-03 -2.761447372e-02
 2.818382931e+04 9.984096302e-01 -2.890133456e-02 -1.590369747e-03 -2.890133456e-02
 2.884031503e+04 9.984062802e-01 -2.956772498e-02 -1.593719778e-03 -2.956772498e-02
 3.019951720e+04 9.983992677e-01 -3.094823175e-02 -1.600732288e-03 -3.094823175e-02
 3.090295432e+04 9.983955891e-01 -3.166309728e-02 -1.604410913e-03 -3.166309728e-02
 3.235936569e+04 9.983878444e-01 -3.314399538e-02 -1.612155635e-03 -3.314399538e-02
 3.388441561e+04 9.983795219e-01 -3.469582003e-02 -1.620478117e-03 -3.469582003e-02
 3.467368504e+04 9.983751196e-01 -3.549938176e-02 -1.624880436e-03 -3.549938176e-02
 3.630780548e+04 9.983657800e-01 -3.716400064e-02 -1.634219972e-03 -3.716400064e-02
 3.715352291e+04 9.983608202e-01 -3.802596960e-02 -1.639179777e-03 -3.802596960e-02
 3.890451450e+04 9.983502599e-01 -3.981159283e-02 -1.649740099e-03 -3.981159283e-02
 4.073802778e+04 9.983387572e-01 -4.168275911e-02 -1.661242767e-03 -4.168275911e-02
 4.168693835e+04 9.983326169e-01 -4.265170430e-02 -1.667383090e-03 -4.265170430e-02
 4.365158322e+04 9.983194803e-01 -4.465900138e-02 -1.680519646e-03 -4.465900138e-02
 4.466835921e+04 9.983124504e-01 -4.569846787e-02 -1.687549616e-03 -4.569846787e-02
 4.677351413e+04 9.982973756e-01 -4.785193217e-02 -1.702624415e-03 -4.785193217e-02
 4.897788194e+04 9.982808133e-01 -5.010880969e-02 -1.719186714e-03 -5.010880969e-02
 5.011872336e+04 9.982719195e-01 -5.127760262e-02 -1.728080495e-03 -5.127760262e-02
 5.248074603e+04 9.982527855e-01 -5.369919202e-02 -1.747214519e-03 -5.369919202e-02
 5.370317964e+04 9.982424923e-01 -5.495335942e-02 -1.757507665e-03 -5.495335942e-02
 5.623413252e+04 9.982203092e-01 -5.755200599e-02 -1.779690853e-03 -5.755200599e-02
 5.888436554e+04 9.981957824e-01 -6.027605093e-02 -1.804217618e-03 -6.027605093e-02
 6.025595861e+04 9.981825520e-01 -6.168704334e-02 -1.817447993e-03 -6.168704334e-02
 6.309573445e+04 9.981539607e-01 -6.461104868e-02 -1.846039340e-03 -6.461104868e-02
 6.456542290e+04 9.981385132e-01 -6.612576241e-02 -1.861486774e-03 -6.612576241e-02
 6.760829754e+04 9.981050767e-01 -6.926504507e-02 -1.894923289e-03 -6.926504507e-02
 7.079457844e+04 9.980678953e-01 -7.255700976e-02 -1.932104670e-03 -7.255700976e-02
 7.244359601e+04 9.980477529e-01 -7.426267731e-02 -1.952247133e-03 -7.426267731e-02
 7.585775750e+04 9.980040328e-01 -7.779849202e-02 -1.995967235e-03 -7.779849202e-02
 7.762471166e+04 9.979803082e-01 -7.963077386e-02 -2.019691750e-03 -7.963077386e-02
 8.128305162e+04 9.979287229e-01 -8.342966465e-02 -2.071277132e-03 -8.342966465e-02
 8.511380382e+04 9.978710082e-01 -8.741549504e-02 -2.128991818e-03 -8.741549504e-02
 8.709635900e+04 9.978395962e-01 -8.948158787e-02 -2.160403816e-03 -8.948158787e-02
 9.120108394e+04 9.977710820e-01 -9.376661857e-02 -2.228917980e-03 -9.376661857e-02
 9.332543008e+04 9.977337208e-01 -9.598827630e-02 -2.266279175e-03 -9.598827630e-02
 9.772372210e+04 9.976520667e-01 -1.005970069e-01 -2.347933307e-03 -1.005970069e-01
 1.023292992e+05 9.975600708e-01 -1.054363481e-01 -2.439929146e-03 -1.054363481e-01
 1.047128548e+05 9.975097332e-01 -1.079464580e-01 -2.490266841e-03 -1.079464580e-01
 1.096478196e+05 9.973993234e-01 -1.131559491e-01 -2.600676641e-03 -1.131559491e-01
 1.148153622e+05 9.972743239e-01 -1.186296728e-01 -2.725676075e-03 -1.186296728e-01
 1.174897555e+05 9.972056742e-01 -1.214703081e-01 -2.794325799e-03 -1.214703081e-01
 1.230268771e+05 9.970545164e-01 -1.273690859e-01 -2.945483549e-03 -1.273690859e-01
 1.258925412e+05 9.969713064e-01 -1.304314290e-01 -3.028693643e-03 -1.304314290e-01
 1.318256739e+05 9.967876426e-01 -1.367931079e-01 -3.212357382e-03 -1.367931079e-01
 1.380384265e+05 9.965779420e-01 -1.434865304e-01 -3.422058023e-03 -1.434865304e-01
 1.412537545e+05 9.964620365e-01 -1.469638906e-01 -3.537963468e-03 -1.469638906e-01
 1.479108388e+05 9.962051321e-01 -1.541932474e-01 -3.794867929e-03 -1.541932474e-01
 1.513561248e+05 9.960627817e-01 -1.579508927e-01 -3.937218338e-03 -1.579508927e-01
 1.584893193e+05 9.957464507e-01 -1.657670835e-01 -4.253549319e-03 -1.657670835e-01
 1.659586907e+05 9.953820170e-01 -1.740058459e-01 -4.617982995e-03 -1.740058459e-01
 1.698243653e+05 9.951792352e-01 -1.782921962e-01 -4.820764789e-03 -1.782921962e-01
 1.778279410e+05 9.947266721e-01 -1.872170778e-01 -5.273327853e-03 -1.872170778e-01
 1.819700859e+05 9.944742199e-01 -1.918633611e-01 -5.525780133e-03 -1.918633611e-01
 1.905460718e+05 9.939093624e-01 -2.015442158e-01 -6.090637624e-03 -2.015442158e-01
 1.995262315e+05 9.932527375e-01 -2.117723026e-01 -6.747262505e-03 -2.117723026e-01
 2.041737945e+05 9.928849509e-01 -2.171033299e-01 -7.115049078e-03 -2.171033299e-01
 2.137962090e+05 9.920586180e-01 -2.282246522e-01 -7.941381994e-03 -2.282246522e-01
 2.187761624e+05 9.915946773e-01 -2.340257092e-01 -8.405322702e-03 -2.340257092e-01
 2.290867653e+05 9.905498224e-01 -2.461372232e-01 -9.450177570e-03 -2.461372232e-01
 2.398832919e+05 9.893249397e-01 -2.589688817e-01 -1.067506027e-02 -2.589688817e-01
 2.454708916e+05 9.886346631e-01 -2.656710642e-01 -1.136533691e-02 -2.656710642e-01
 2.570395783e+05 9.870742721e-01 -2.796830298e-01 -1.292572794e-02 -2.796830298e-01
 2.630267992e+05 9.861930957e-01 -2.870075822e-01 -1.380690427e-02 -2.870075822e-01
 2.754228703e+05 9.841970903e-01 -3.023328129e-01 -1.580290967e-02 -3.023328129e-01
 2.884031503e+05 9.818400259e-01 -3.186147279e-01 -1.815997413e-02 -3.186147279e-01
 2.951209227e+05 9.805048279e-01 -3.271361371e-01 -1.949517206e-02 -3.271361371e-01
 3.090295432e+05 9.774712970e-01 -3.449854355e-01 -2.252870301e-02 -3.449854355e-01
 3.162277660e+05 9.757501745e-01 -3.543322182e-01 -2.424982555e-02 -3.543322182e-01
 3.311311215e+05 9.718339986e-01 -3.739185968e-01 -2.816600141e-02 -3.739185968e-01
 3.467368505e+05 9.671842496e-01 -3.947613603e-01 -3.281575044e-02 -3.947613603e-01
 3.548133892e+05 9.645407600e-01 -4.056786664e-01 -3.545923997e-02 -4.056786664e-01
 3.715352291e+05 9.585151622e-01 -4.285536319e-01 -4.148483784e-02 -4.285536319e-01
 3.801893963e+05 9.550869380e-01 -4.405298098e-01 -4.491306197e-02 -4.405298098e-01
 3.981071705e+05 9.472687284e-01 -4.656019072e-01 -5.273127161e-02 -4.656019072e-01
 4.168693835e+05 9.379665499e-01 -4.922137778e-01 -6.203345013e-02 -4.922137778e-01
 4.265795188e+05 9.326737774e-01 -5.061101232e-01 -6.732622262e-02 -5.061101232e-01
 4.466835921e+05 9.206101878e-01 -5.350947442e-01 -7.938981219e-02 -5.350947442e-01
 4.570881896e+05 9.137526185e-01 -5.501805693e-01 -8.624738151e-02 -5.501805693e-01
 4.786300923e+05 8.981459830e-01 -5.815103637e-01 -1.018540170e-01 -5.815103637e-01
 5.011872336e+05 8.796615326e-01 -6.143000506e-01 -1.203384674e-01 -6.143000506e-01
 5.128613840e+05 8.691957295e-01 -6.311921481e-01 -1.308042705e-01 -6.311921481e-01
 5.370317964e+05 8.455060062e-01 -6.658166753e-01 -1.544939938e-01 -6.658166753e-01
 5.495408739e+05 8.321521394e-01 -6.834651001e-01 -1.678478606e-01 -6.834651001e-01
 5.754399373e+05 8.020958166e-01 -7.191581432e-01 -1.979041834e-01 -7.191581432e-01
 6.025595861e+05 7.671438235e-01 -7.548928539e-01 -2.328561765e-01 -7.548928539e-01
 6.165950019e+05 7.476816055e-01 -7.725509212e-01 -2.523183945e-01 -7.725509212e-01
 6.456542290e+05 7.045347282e-01 -8.068928538e-01 -2.954652718e-01 -8.068928538e-01
 6.606934480e+05 6.807775556e-01 -8.233176471e-01 -3.192224444e-01 -8.233176471e-01
 6.918309709e+05 6.288123426e-01 -8.539409935e-01 -3.711876574e-01 -8.539409935e-01
 7.244359601e+05 5.710018979e-01 -8.805075943e-01 -4.289981021e-01 -8.805075943e-01
 7.413102413e+05 5.400175077e-01 -8.918391298e-01 -4.599824923e-01 -8.918391298e-01
 7.762471166e+05 4.743291723e-01 -9.097303350e-01 -5.256708277e-01 -9.097303350e-01
 7.943282347e+05 4.398795869e-01 -9.159595896e-01 -5.601204131e-01 -9.159595896e-01
 8.317637711e+05 3.686010828e-01 -9.222583880e-01 -6.313989172e-01 -9.222583880e-01
 8.709635900e+05 2.955294268e-01 -9.196199013e-01 -7.044705732e-01 -9.196199013e-01
 8.912509381e+05 2.589049332e-01 -9.147828199e-01 -7.410950669e-01 -9.147828199e-01
 9.332543008e+05 1.867313892e-01 -8.980308307e-01 -8.132686108e-01 -8.980308307e-01
 9.549925860e+05 1.516839396e-01 -8.862062173e-01 -8.483160604e-01 -8.862062173e-01
 1.000000000e+06 8.484696858e-02 -8.561460705e-01 -9.151530314e-01 -8.561460705e-01
 1.047128548e+06 2.370295510e-02 -8.185400393e-01 -9.762970449e-01 -8.185400393e-01
 1.071519305e+06 -4.327147221e-03 -7.973705243e-01 -1.004327147e+00 -7.973705243e-01
 1.122018454e+06 -5.475707933e-02 -7.513525567e-01 -1.054757079e+00 -7.513525567e-01
 1.174897555e+06 -9.732091212e-02 -7.018855165e-01 -1.097320912e+00 -7.018855165e-01
 1.202264435e+06 -1.156297418e-01 -6.763898457e-01 -1.115629742e+00 -6.763898457e-01
 1.258925412e+06 -1.464779792e-01 -6.248445078e-01 -1.146477979e+00 -6.248445078e-01
 1.288249552e+06 -1.591486503e-01 -5.991373677e-01 -1.159148650e+00 -5.991373677e-01
 1.348962883e+06 -1.794193064e-01 -5.485777505e-01 -1.179419306e+00 -5.485777505e-01
 1.412537545e+06 -1.936148623e-01 -4.999088327e-01 -1.193614862e+00 -4.999088327e-01
 1.445439771e+06 -1.987071792e-01 -4.764989708e-01 -1.198707179e+00 -4.764989708e-01
 1.513561248e+06 -2.054291773e-01 -4.318200279e-01 -1.205429177e+00 -4.318200279e-01
 1.548816619e+06 -2.072705311e-01 -4.106262464e-01 -1.207270531e+00 -4.106262464e-01
 1.621810097e+06 -2.084096578e-01 -3.706328631e-01 -1.208409658e+00 -3.706328631e-01
 1.698243653e+06 -2.067532603e-01 -3.338630257e-01 -1.206753260e+00 -3.338630257e-01
 1.737800829e+06 -2.050772795e-01 -3.166727013e-01 -1.205077279e+00 -3.166727013e-01
 1.819700859e+06 -2.003767041e-01 -2.846083278e-01 -1.200376704e+00 -2.846083278e-01
 1.862087137e+06 -1.974729883e-01 -2.696945557e-01 -1.197472988e+00 -2.696945557e-01
 1.949844600e+06 -1.908193211e-01 -2.419874892e-01 -1.190819321e+00 -2.419874892e-01
 2.041737945e+06 -1.833263496e-01 -2.169373270e-01 -1.183326350e+00 -2.169373270e-01
 2.089296131e+06 -1.793568365e-01 -2.053425680e-01 -1.179356837e+00 -2.053425680e-01
 2.187761624e+06 -1.711212530e-01 -1.838814399e-01 -1.171121253e+00 -1.838814399e-01
 2.238721139e+06 -1.669049716e-01 -1.739632638e-01 -1.166904972e+00 -1.739632638e-01
 2.344228815e+06 -1.583785853e-01 -1.556268514e-01 -1.158378585e+00 -1.556268514e-01
 2.454708916e+06 -1.498366175e-01 -1.391330631e-01 -1.149836618e+00 -1.391330631e-01
 2.511886431e+06 -1.455933108e-01 -1.315214598e-01 -1.145593311e+00 -1.315214598e-01
 2.630267992e+06 -1.372144053e-01 -1.174654700e-01 -1.137214405e+00 -1.174654700e-01
 2.691534804e+06 -1.330955777e-01 -1.109824989e-01 -1.133095578e+00 -1.109824989e-01
 2.818382931e+06 -1.250324906e-01 -9.901687046e-02 -1.125032491e+00 -9.901687046e-02
 2.951209227e+06 -1.172355411e-01 -8.827534360e-02 -1.117235541e+00 -8.827534360e-02
 3.019951720e+06 -1.134464722e-01 -8.332552650e-02 -1.113446472e+00 -8.332552650e-02
 3.162277660e+06 -1.061007760e-01 -7.419818490e-02 -1.106100776e+00 -7.419818490e-02
 3.235936569e+06 -1.025480366e-01 -6.999490853e-02 -1.102548037e+00 -6.999490853e-02
 3.388441561e+06 -9.568929274e-02 -6.224956830e-02 -1.095689293e+00 -6.224956830e-02
 3.548133892e+06 -8.916413419e-02 -5.531326153e-02 -1.089164134e+00 -5.531326153e-02
 3.630780548e+06 -8.602730163e-02 -5.212329186e-02 -1.086027302e+00 -5.212329186e-02
 3.801893963e+06 -8.000437739e-02 -4.625361058e-02 -1.080004377e+00 -4.625361058e-02
 3.890451450e+06 -7.711740743e-02 -4.355680206e-02 -1.077117407e+00 -4.355680206e-02
 4.073802778e+06 -7.158907361e-02 -3.859958785e-02 -1.071589074e+00 -3.859958785e-02
 4.265795188e+06 -6.638220221e-02 -3.417575543e-02 -1.066382202e+00 -3.417575543e-02
 4.365158322e+06 -6.389666515e-02 -3.214697033e-02 -1.063896665e+00 -3.214697033e-02
 4.570881896e+06 -5.915534014e-02 -2.842467128e-02 -1.059155340e+00 -2.842467128e-02
 4.677351413e+06 -5.689692692e-02 -2.671964038e-02 -1.056896927e+00 -2.671964038e-02
 4.897788194e+06 -5.259762791e-02 -2.359505532e-02 -1.052597628e+00 -2.359505532e-02
 5.128613840e+06 -4.857857801e-02 -2.081835270e-02 -1.048578578e+00 -2.081835270e-02
 5.248074603e+06 -4.667035783e-02 -1.954904760e-02 -1.046670358e+00 -1.954904760e-02
 5.495408739e+06 -4.304875431e-02 -1.722760262e-02 -1.043048754e+00 -1.722760262e-02
 5.623413252e+06 -4.133221943e-02 -1.616769510e-02 -1.041332219e+00 -1.616769510e-02
 5.888436554e+06 -3.807975206e-02 -1.423149494e-02 -1.038079752e+00 -1.423149494e-02
 6.165950019e+06 -3.505750417e-02 -1.251812894e-02 -1.035057504e+00 -1.251812894e-02
 6.309573445e+06 -3.362876180e-02 -1.173737325e-02 -1.033628762e+00 -1.173737325e-02
 6.606934480e+06 -3.092822363e-02 -1.031376931e-02 -1.030928224e+00 -1.031376931e-02
 6.760829754e+06 -2.965334317e-02 -9.665764681e-03 -1.029653343e+00 -9.665764681e-03
 7.079457844e+06 -2.724678043e-02 -8.485441887e-03 -1.027246780e+00 -8.485441887e-03
 7.413102413e+06 -2.502128601e-02 -7.444911348e-03 -1.025021286e+00 -7.444911348e-03
 7.585775750e+06 -2.397282908e-02 -6.972071246e-03 -1.023972829e+00 -6.972071246e-03
 7.943282347e+06 -2.199750000e-02 -6.112165738e-03 -1.021997500e+00 -6.112165738e-03
 8.128305162e+06 -2.106791213e-02 -5.721761667e-03 -1.021067912e+00 -5.721761667e-03
 8.511380382e+06 -1.931831744e-02 -5.012378668e-03 -1.019318317e+00 -5.012378668e-03
 8.912509381e+06 -1.770641755e-02 -4.388969041e-03 -1.017706418e+00 -4.388969041e-03
 9.120108394e+06 -1.694906341e-02 -4.106319155e-03 -1.016949063e+00 -4.106319155e-03
 9.549925860e+06 -1.552574001e-02 -3.593377109e-03 -1.015525740e+00 -3.593377109e-03
 9.772372210e+06 -1.485754220e-02 -3.360978996e-03 -1.014857542e+00 -3.360978996e-03
 1.023292992e+07 -1.360273796e-02 -2.939511348e-03 -1.013602738e+00 -2.939511348e-03
 1.071519305e+07 -1.244996987e-02 -2.570031147e-03 -1.012449970e+00 -2.570031147e-03
 1.096478196e+07 -1.190943231e-02 -2.402805505e-03 -1.011909432e+00 -2.402805505e-03
 1.148153621e+07 -1.089547969e-02 -2.099823264e-03 -1.010895480e+00 -2.099823264e-03
 1.202264435e+07 -9.965272218e-03 -1.834537324e-03 -1.009965272e+00 -1.834537324e-03
 1.230268771e+07 -9.529523213e-03 -1.714574042e-03 -1.009529523e+00 -1.714574042e-03
 1.288249552e+07 -8.712877529e-03 -1.497396068e-03 -1.008712878e+00 -1.497396068e-03
 1.318256739e+07 -8.330518251e-03 -1.399231337e-03 -1.008330518e+00 -1.399231337e-03
 1.380384265e+07 -7.614263583e-03 -1.221589691e-03 -1.007614264e+00 -1.221589691e-03
 1.445439771e+07 -6.958298527e-03 -1.066287384e-03 -1.006958299e+00 -1.066287384e-03
 1.479108388e+07 -6.651390187e-03 -9.961352902e-04 -1.006651390e+00 -9.961352902e-04
 1.548816619e+07 -6.076851382e-03 -8.692601074e-04 -1.006076851e+00 -8.692601074e-04
 1.584893193e+07 -5.808137576e-03 -8.119675463e-04 -1.005808138e+00 -8.119675463e-04
 1.659586907e+07 -5.305267153e-03 -7.083805100e-04 -1.005305267e+00 -7.083805100e-04
 1.737800829e+07 -4.845295810e-03 -6.179204308e-04 -1.004845296e+00 -6.179204308e-04
 1.778279410e+07 -4.630275422e-03 -5.770904683e-04 -1.004630275e+00 -5.770904683e-04
 1.862087137e+07 -4.228075218e-03 -5.032993210e-04 -1.004228075e+00 -5.032993210e-04
 1.905460718e+07 -4.040109264e-03 -4.700007748e-04 -1.004040109e+00 -4.700007748e-04
 1.995262315e+07 -3.688598029e-03 -4.098337419e-04 -1.003688598e+00 -4.098337419e-04
 2.089296131e+07 -3.367356991e-03 -3.573329438e-04 -1.003367357e+00 -3.573329438e-04
 2.137962089e+07 -3.217281120e-03 -3.336494954e-04 -1.003217281e+00 -3.336494954e-04
 2.238721139e+07 -2.936720286e-03 -2.908686731e-04 -1.002936720e+00 -2.908686731e-04
 2.290867653e+07 -2.805673037e-03 -2.715731464e-04 -1.002805673e+00 -2.715731464e-04
 2.398832919e+07 -2.560726227e-03 -2.367237046e-04 -1.002560726e+00 -2.367237046e-04
 2.511886432e+07 -2.337011993e-03 -2.063316881e-04 -1.002337012e+00 -2.063316881e-04
 2.570395783e+07 -2.232543812e-03 -1.926270720e-04 -1.002232544e+00 -1.926270720e-04
 2.691534804e+07 -2.037322658e-03 -1.678804964e-04 -1.002037323e+00 -1.678804964e-04
 2.754228703e+07 -1.946171562e-03 -1.567228605e-04 -1.001946172e+00 -1.567228605e-04
 2.884031503e+07 -1.775856093e-03 -1.365775121e-04 -1.001775856e+00 -1.365775121e-04
 3.019951720e+07 -1.620371755e-03 -1.190157837e-04 -1.001620372e+00 -1.190157837e-04
 3.090295432e+07 -1.547787174e-03 -1.110989029e-04 -1.001547787e+00 -1.110989029e-04
 3.235936569e+07 -1.412185224e-03 -9.680690332e-05 -1.001412185e+00 -9.680690332e-05
 3.311311215e+07 -1.348887955e-03 -9.036454817e-05 -1.001348888e+00 -9.036454817e-05
 3.467368505e+07 -1.230646111e-03 -7.873529972e-05 -1.001230646e+00 -7.873529972e-05
 3.630780548e+07 -1.122733655e-03 -6.860028504e-05 -1.001122734e+00 -6.860028504e-05
 3.715352291e+07 -1.072367741e-03 -6.403227540e-05 -1.001072368e+00 -6.403227540e-05
 3.890451450e+07 -9.782928538e-04 -5.578729660e-05 -1.000978293e+00 -5.578729660e-05
 3.981071705e+07 -9.343880640e-04 -5.207136555e-05 -1.000934388e+00 -5.207136555e-05
 4.168693835e+07 -8.523860931e-04 -4.536467990e-05 -1.000852386e+00 -4.536467990e-05
 4.365158322e+07 -7.775635173e-04 -3.952085472e-05 -1.000777564e+00 -3.952085472e-05
 4.466835922e+07 -7.426468041e-04 -3.688730712e-05 -1.000742647e+00 -3.688730712e-05
 4.677351413e+07 -6.774372076e-04 -3.213449618e-05 -1.000677437e+00 -3.213449618e-05
 4.786300923e+07 -6.470078006e-04 -2.999270346e-05 -1.000647008e+00 -2.999270346e-05
 5.011872336e+07 -5.901808236e-04 -2.612750900e-05 -1.000590181e+00 -2.612750900e-05
 5.248074602e+07 -5.383367677e-04 -2.276004806e-05 -1.000538337e+00 -2.276004806e-05
 5.370317964e+07 -5.141457073e-04 -2.124262829e-05 -1.000514146e+00 -2.124262829e-05
 5.623413252e+07 -4.689713267e-04 -1.850434639e-05 -1.000468971e+00 -1.850434639e-05
 5.754399373e+07 -4.478930478e-04 -1.727047617e-05 -1.000447893e+00 -1.727047617e-05
 6.025595861e+07 -4.085325495e-04 -1.504393273e-05 -1.000408533e+00 -1.504393273e-05
 6.309573445e+07 -3.726270786e-04 -1.310428847e-05 -1.000372627e+00 -1.310428847e-05
 6.456542290e+07 -3.558743519e-04 -1.223031762e-05 -1.000355874e+00 -1.223031762e-05
 6.760829754e+07 -3.245923554e-04 -1.065327394e-05 -1.000324592e+00 -1.065327394e-05
 6.918309709e+07 -3.099971460e-04 -9.942698213e-06 -1.000309997e+00 -9.942698213e-06
 7.244359601e+07 -2.827443497e-04 -8.660516121e-06 -1.000282744e+00 -8.660516121e-06
 7.585775750e+07 -2.578855394e-04 -7.543620294e-06 -1.000257885e+00 -7.543620294e-06
 7.762471166e+07 -2.462875239e-04 -7.040388707e-06 -1.000246287e+00 -7.040388707e-06
 8.128305162e+07 -2.246317851e-04 -6.132365606e-06 -1.000224632e+00 -6.132365606e-06
 8.317637711e+07 -2.145283255e-04 -5.723249639e-06 -1.000214528e+00 -5.723249639e-06
 8.709635900e+07 -1.956634592e-04 -4.985056036e-06 -1.000195663e+00 -4.985056036e-06
 9.120108394e+07 -1.784565969e-04 -4.342051751e-06 -1.000178457e+00 -4.342051751e-06
 9.332543008e+07 -1.704289157e-04 -4.052347087e-06 -1.000170429e+00 -4.052347087e-06
 9.772372210e+07 -1.554401515e-04 -3.529623405e-06 -1.000155440e+00 -3.529623405e-06
 1.000000000e+08 -1.484473704e-04 -3.294113134e-06 -1.000148447e+00 -3.294113134e-06
