 frequency v(x_u1_b_oa) v(x_u1_b_oa) v(x_u1_b_oi) v(x_u1_b_oi)
 1.000000000e+00 9.999974892e-01 -1.005262792e-06 -2.510794516e-06 -1.005262792e-06
 1.047128548e+00 9.999974894e-01 -1.052639666e-06 -2.510593193e-06 -1.052639666e-06
 1.096478196e+00 9.999974896e-01 -1.102249387e-06 -2.510372447e-06 -1.102249387e-06
 1.122018454e+00 9.999974898e-01 -1.127924261e-06 -2.510254212e-06 -1.127924261e-06
 1.174897555e+00 9.999974900e-01 -1.181082114e-06 -2.510000762e-06 -1.181082114e-06
 1.230268771e+00 9.999974903e-01 -1.236745282e-06 -2.509722860e-06 -1.236745282e-06
 1.258925412e+00 9.999974904e-01 -1.265553045e-06 -2.509574011e-06 -1.265553045e-06
 1.318256739e+00 9.999974907e-01 -1.325197317e-06 -2.509254936e-06 -1.325197317e-06
 1.348962883e+00 9.999974909e-01 -1.356065453e-06 -2.509084034e-06 -1.356065453e-06
 1.412537545e+00 9.999974913e-01 -1.419975580e-06 -2.508717688e-06 -1.419975580e-06
 1.479108388e+00 9.999974917e-01 -1.486897807e-06 -2.508315997e-06 -1.486897807e-06
 1.513561248e+00 9.999974919e-01 -1.521532566e-06 -2.508100845e-06 -1.521532566e-06
 1.584893193e+00 9.999974924e-01 -1.593241219e-06 -2.507639643e-06 -1.593241219e-06
 1.621810097e+00 9.999974926e-01 -1.630353141e-06 -2.507392615e-06 -1.630353141e-06
 1.698243652e+00 9.999974931e-01 -1.707190587e-06 -2.506863084e-06 -1.707190587e-06
 1.778279410e+00 9.999974937e-01 -1.787649459e-06 -2.506282466e-06 -1.787649459e-06
 1.819700859e+00 9.999974940e-01 -1.829289964e-06 -2.505971476e-06 -1.829289964e-06
 1.905460718e+00 9.999974947e-01 -1.915503538e-06 -2.505304838e-06 -1.915503538e-06
 1.949844600e+00 9.999974951e-01 -1.960122331e-06 -2.504947774e-06 -1.960122331e-06
 2.041737945e+00 9.999974958e-01 -2.052502258e-06 -2.504182372e-06 -2.052502258e-06
 2.137962090e+00 9.999974967e-01 -2.149236244e-06 -2.503343125e-06 -2.149236244e-06
 2.187761624e+00 9.999974971e-01 -2.199299776e-06 -2.502893610e-06 -2.199299776e-06
 2.290867653e+00 9.999974981e-01 -2.302952700e-06 -2.501930027e-06 -2.302952700e-06
 2.344228815e+00 9.999974986e-01 -2.356597068e-06 -2.501413916e-06 -2.356597068e-06
 2.454708916e+00 9.999974997e-01 -2.467663902e-06 -2.500307576e-06 -2.467663902e-06
 2.570395783e+00 9.999975009e-01 -2.583965724e-06 -2.499094500e-06 -2.583965724e-06
 2.630267992e+00 9.999975016e-01 -2.644156432e-06 -2.498444756e-06 -2.644156432e-06
 2.754228703e+00 9.999975030e-01 -2.768777104e-06 -2.497051962e-06 -2.768777104e-06
 2.818382931e+00 9.999975037e-01 -2.833273178e-06 -2.496305957e-06 -2.833273178e-06
 2.951209227e+00 9.999975053e-01 -2.966807896e-06 -2.494706818e-06 -2.966807896e-06
 3.090295433e+00 9.999975071e-01 -3.106636898e-06 -2.492953400e-06 -3.106636898e-06
 3.162277660e+00 9.999975080e-01 -3.179003963e-06 -2.492014240e-06 -3.179003963e-06
 3.311311215e+00 9.999975100e-01 -3.328835221e-06 -2.490001052e-06 -3.328835221e-06
 3.388441561e+00 9.999975111e-01 -3.406378916e-06 -2.488922755e-06 -3.406378916e-06
 3.548133892e+00 9.999975134e-01 -3.566928193e-06 -2.486611313e-06 -3.566928193e-06
 3.715352291e+00 9.999975159e-01 -3.735045642e-06 -2.484076874e-06 -3.735045642e-06
 3.801893963e+00 9.999975173e-01 -3.822053322e-06 -2.482719386e-06 -3.822053322e-06
 3.981071705e+00 9.999975202e-01 -4.002197510e-06 -2.479809473e-06 -4.002197510e-06
 4.073802778e+00 9.999975218e-01 -4.095429635e-06 -2.478250874e-06 -4.095429635e-06
 4.265795188e+00 9.999975251e-01 -4.288461421e-06 -2.474909861e-06 -4.288461421e-06
 4.466835922e+00 9.999975288e-01 -4.490593497e-06 -2.471246525e-06 -4.490593497e-06
 4.570881896e+00 9.999975307e-01 -4.595205526e-06 -2.469284384e-06 -4.595205526e-06
 4.786300923e+00 9.999975349e-01 -4.811799329e-06 -2.465078336e-06 -4.811799329e-06
 4.897788194e+00 9.999975372e-01 -4.923896121e-06 -2.462825509e-06 -4.923896121e-06
 5.128613840e+00 9.999975420e-01 -5.155987183e-06 -2.457996352e-06 -5.155987183e-06
 5.370317964e+00 9.999975473e-01 -5.399021544e-06 -2.452701312e-06 -5.399021544e-06
 5.495408739e+00 9.999975501e-01 -5.524802928e-06 -2.449865206e-06 -5.524802928e-06
 5.754399373e+00 9.999975562e-01 -5.785228289e-06 -2.443785737e-06 -5.785228289e-06
 5.888436554e+00 9.999975595e-01 -5.920010654e-06 -2.440529480e-06 -5.920010654e-06
 6.165950019e+00 9.999975665e-01 -6.199072962e-06 -2.433549382e-06 -6.199072962e-06
 6.456542290e+00 9.999975741e-01 -6.491296078e-06 -2.425895911e-06 -6.491296078e-06
 6.606934480e+00 9.999975782e-01 -6.642536049e-06 -2.421796600e-06 -6.642536049e-06
 6.918309709e+00 9.999975870e-01 -6.955675012e-06 -2.413009345e-06 -6.955675012e-06
 7.079457844e+00 9.999975917e-01 -7.117740569e-06 -2.408302766e-06 -7.117740569e-06
 7.413102413e+00 9.999976018e-01 -7.453295007e-06 -2.398213785e-06 -7.453295007e-06
 7.762471166e+00 9.999976128e-01 -7.804679292e-06 -2.387151551e-06 -7.804679292e-06
 7.943282347e+00 9.999976188e-01 -7.986540118e-06 -2.381226471e-06 -7.986540118e-06
 8.317637711e+00 9.999976315e-01 -8.363083406e-06 -2.368525546e-06 -8.363083406e-06
 8.511380382e+00 9.999976383e-01 -8.557966445e-06 -2.361722771e-06 -8.557966445e-06
 8.912509381e+00 9.999976529e-01 -8.961474593e-06 -2.347140448e-06 -8.961474593e-06
 9.332543008e+00 9.999976688e-01 -9.384026698e-06 -2.331151484e-06 -9.384026698e-06
 9.549925860e+00 9.999976774e-01 -9.602724307e-06 -2.322587615e-06 -9.602724307e-06
 1.000000000e+01 9.999976958e-01 -1.005554612e-05 -2.304230288e-06 -1.005554612e-05
 1.047128548e+01 9.999977159e-01 -1.052974720e-05 -2.284102255e-06 -1.052974720e-05
 1.071519305e+01 9.999977267e-01 -1.077517974e-05 -2.273321486e-06 -1.077517974e-05
 1.122018454e+01 9.999977498e-01 -1.128336467e-05 -2.250212138e-06 -1.128336467e-05
 1.148153622e+01 9.999977622e-01 -1.154638880e-05 -2.237834576e-06 -1.154638880e-05
 1.202264435e+01 9.999977887e-01 -1.209100406e-05 -2.211302453e-06 -1.209100406e-05
 1.258925412e+01 9.999978178e-01 -1.266135302e-05 -2.182211343e-06 -1.266135302e-05
 1.288249552e+01 9.999978334e-01 -1.295655746e-05 -2.166629968e-06 -1.295655746e-05
 1.348962883e+01 9.999978668e-01 -1.356781786e-05 -2.133230422e-06 -1.356781786e-05
 1.380384265e+01 9.999978847e-01 -1.388420188e-05 -2.115341482e-06 -1.388420188e-05
 1.445439771e+01 9.999979230e-01 -1.453932742e-05 -2.076995674e-06 -1.453932742e-05
 1.513561248e+01 9.999979651e-01 -1.522544412e-05 -2.034951973e-06 -1.522544412e-05
 1.548816619e+01 9.999979876e-01 -1.558058317e-05 -2.012433330e-06 -1.558058317e-05
 1.621810097e+01 9.999980358e-01 -1.631597982e-05 -1.964163874e-06 -1.631597982e-05
 1.659586907e+01 9.999980617e-01 -1.669663421e-05 -1.938310832e-06 -1.669663421e-05
 1.737800829e+01 9.999981171e-01 -1.748488348e-05 -1.882894264e-06 -1.748488348e-05
 1.819700859e+01 9.999981779e-01 -1.831048346e-05 -1.822134636e-06 -1.831048346e-05
 1.862087137e+01 9.999982104e-01 -1.873784597e-05 -1.789592181e-06 -1.873784597e-05
 1.949844600e+01 9.999982802e-01 -1.962285611e-05 -1.719837422e-06 -1.962285611e-05
 1.995262315e+01 9.999983175e-01 -2.008098495e-05 -1.682477487e-06 -2.008098495e-05
 2.089296131e+01 9.999983976e-01 -2.102973800e-05 -1.602397050e-06 -2.102973800e-05
 2.187761624e+01 9.999984854e-01 -2.202355485e-05 -1.514597764e-06 -2.202355485e-05
 2.238721139e+01 9.999985324e-01 -2.253803786e-05 -1.467573999e-06 -2.253803786e-05
 2.344228815e+01 9.999986332e-01 -2.360356405e-05 -1.366780790e-06 -2.360356405e-05
 2.398832919e+01 9.999986872e-01 -2.415519296e-05 -1.312798232e-06 -2.415519296e-05
 2.511886431e+01 9.999988029e-01 -2.529770268e-05 -1.197090415e-06 -2.529770268e-05
 2.630267992e+01 9.999989298e-01 -2.649466620e-05 -1.070234299e-06 -2.649466620e-05
 2.691534804e+01 9.999989977e-01 -2.711439299e-05 -1.002294370e-06 -2.711439299e-05
 2.818382931e+01 9.999991433e-01 -2.839806121e-05 -8.566730324e-07 -2.839806121e-05
 2.884031503e+01 9.999992213e-01 -2.906271940e-05 -7.786841728e-07 -2.906271940e-05
 3.019951720e+01 9.999993885e-01 -3.043954638e-05 -6.115267109e-07 -3.043954638e-05
 3.162277660e+01 9.999995717e-01 -3.188231949e-05 -4.282735266e-07 -3.188231949e-05
 3.235936569e+01 9.999996699e-01 -3.262944927e-05 -3.301333653e-07 -3.262944927e-05
 3.388441561e+01 9.999998802e-01 -3.417731780e-05 -1.197911436e-07 -3.417731780e-05
 3.467368504e+01 9.999999928e-01 -3.497894002e-05 -7.145912084e-09 -3.497894002e-05
 3.630780548e+01 1.000000234e+00 -3.663985993e-05 2.342793703e-07 -3.663985993e-05
 3.801893963e+01 1.000000499e+00 -3.838089558e-05 4.989313982e-07 -3.838089558e-05
 3.890451450e+01 1.000000641e+00 -3.928271301e-05 6.406554991e-07 -3.928271301e-05
 4.073802778e+01 1.000000944e+00 -4.115158415e-05 9.443899380e-07 -4.115158415e-05
 4.168693835e+01 1.000001107e+00 -4.211973786e-05 1.107038272e-06 -4.211973786e-05
 4.365158322e+01 1.000001456e+00 -4.412635112e-05 1.455604881e-06 -4.412635112e-05
 4.570881896e+01 1.000001838e+00 -4.623072877e-05 1.837663425e-06 -4.623072877e-05
 4.677351413e+01 1.000002042e+00 -4.732115520e-05 2.042241707e-06 -4.732115520e-05
 4.897788194e+01 1.000002481e+00 -4.958180185e-05 2.480638303e-06 -4.958180185e-05
 5.011872336e+01 1.000002715e+00 -5.075341028e-05 2.715373388e-06 -5.075341028e-05
 5.248074603e+01 1.000003218e+00 -5.318282956e-05 3.218369972e-06 -5.318282956e-05
 5.495408739e+01 1.000003770e+00 -5.573229672e-05 3.769607538e-06 -5.573229672e-05
 5.623413252e+01 1.000004065e+00 -5.705405705e-05 4.064736478e-06 -5.705405705e-05
 5.888436554e+01 1.000004697e+00 -5.979587841e-05 4.697086087e-06 -5.979587841e-05
 6.025595861e+01 1.000005036e+00 -6.121772258e-05 5.035620521e-06 -6.121772258e-05
 6.309573445e+01 1.000005761e+00 -6.416796139e-05 5.760921382e-06 -6.416796139e-05
 6.606934480e+01 1.000006556e+00 -6.726688910e-05 6.555595795e-06 -6.726688910e-05
 6.760829754e+01 1.000006981e+00 -6.887472454e-05 6.980978178e-06 -6.887472454e-05
 7.079457844e+01 1.000007892e+00 -7.221269193e-05 7.892220757e-06 -7.221269193e-05
 7.244359601e+01 1.000008380e+00 -7.394516592e-05 8.379955988e-06 -7.394516592e-05
 7.585775750e+01 1.000009425e+00 -7.754327520e-05 9.424662892e-06 -7.754327520e-05
 7.943282347e+01 1.000010569e+00 -8.132772111e-05 1.056889690e-05 -8.132772111e-05
 8.128305162e+01 1.000011181e+00 -8.329330619e-05 1.118122428e-05 -8.329330619e-05
 8.511380382e+01 1.000012493e+00 -8.737865339e-05 1.249253168e-05 -8.737865339e-05
 8.709635900e+01 1.000013194e+00 -8.950157542e-05 1.319417138e-05 -8.950157542e-05
 9.120108394e+01 1.000014697e+00 -9.391630163e-05 1.469651678e-05 -9.391630163e-05
 9.549925860e+01 1.000016341e+00 -9.856820572e-05 1.634114558e-05 -9.856820572e-05
 9.772372210e+01 1.000017221e+00 -1.009878874e-04 1.722089144e-05 -1.009878874e-04
 1.023292992e+02 1.000019104e+00 -1.060250170e-04 1.910402094e-05 -1.060250170e-04
 1.071519305e+02 1.000021165e+00 -1.113406521e-04 2.116459078e-05 -1.113406521e-04
 1.096478196e+02 1.000022266e+00 -1.141088430e-04 2.226644016e-05 -1.141088430e-04
 1.148153621e+02 1.000024624e+00 -1.198788026e-04 2.462406460e-05 -1.198788026e-04
 1.174897555e+02 1.000025884e+00 -1.228860649e-04 2.588442917e-05 -1.228860649e-04
 1.230268771e+02 1.000028580e+00 -1.291598782e-04 2.858045007e-05 -1.291598782e-04
 1.288249552e+02 1.000031528e+00 -1.358007307e-04 3.152760916e-05 -1.358007307e-04
 1.318256739e+02 1.000033102e+00 -1.392673876e-04 3.310228954e-05 -1.392673876e-04
 1.380384265e+02 1.000036469e+00 -1.465118715e-04 3.646865851e-05 -1.465118715e-04
 1.412537545e+02 1.000038267e+00 -1.502977575e-04 3.826661206e-05 -1.502977575e-04
 1.479108388e+02 1.000042109e+00 -1.582185462e-04 4.210860730e-05 -1.582185462e-04
 1.548816619e+02 1.000046302e+00 -1.666363714e-04 4.630221179e-05 -1.666363714e-04
 1.584893192e+02 1.000048540e+00 -1.710445114e-04 4.854014705e-05 -1.710445114e-04
 1.659586907e+02 1.000053318e+00 -1.802873879e-04 5.331796059e-05 -1.802873879e-04
 1.698243652e+02 1.000055866e+00 -1.851343114e-04 5.586609724e-05 -1.851343114e-04
 1.778279410e+02 1.000061302e+00 -1.953121605e-04 6.130244546e-05 -1.953121605e-04
 1.862087137e+02 1.000067223e+00 -2.061837855e-04 6.722253470e-05 -2.061837855e-04
 1.905460718e+02 1.000070376e+00 -2.118994866e-04 7.037581186e-05 -2.118994866e-04
 1.995262315e+02 1.000077094e+00 -2.239341183e-04 7.709351759e-05 -2.239341183e-04
 2.041737945e+02 1.000080668e+00 -2.302719431e-04 8.066814447e-05 -2.302719431e-04
 2.137962089e+02 1.000088275e+00 -2.436400126e-04 8.827515028e-05 -2.436400126e-04
 2.238721139e+02 1.000096528e+00 -2.580069820e-04 9.652831635e-05 -2.580069820e-04
 2.290867653e+02 1.000100911e+00 -2.655959544e-04 1.009108383e-04 -2.655959544e-04
 2.398832919e+02 1.000110215e+00 -2.816531440e-04 1.102151982e-04 -2.816531440e-04
 2.454708916e+02 1.000115148e+00 -2.901511018e-04 1.151479564e-04 -2.901511018e-04
 2.570395783e+02 1.000125601e+00 -3.081667583e-04 1.256014202e-04 -3.081667583e-04
 2.691534804e+02 1.000136873e+00 -3.276614234e-04 1.368730204e-04 -3.276614234e-04
 2.754228703e+02 1.000142828e+00 -3.380121148e-04 1.428276800e-04 -3.380121148e-04
 2.884031503e+02 1.000155396e+00 -3.600277570e-04 1.553962292e-04 -3.600277570e-04
 2.951209227e+02 1.000162017e+00 -3.717394678e-04 1.620174973e-04 -3.717394678e-04
 3.090295433e+02 1.000175948e+00 -3.966976638e-04 1.759483916e-04 -3.966976638e-04
 3.235936569e+02 1.000190808e+00 -4.238883944e-04 1.908080242e-04 -4.238883944e-04
 3.311311215e+02 1.000198587e+00 -4.383965422e-04 1.985868519e-04 -4.383965422e-04
 3.467368505e+02 1.000214834e+00 -4.694037884e-04 2.148341604e-04 -4.694037884e-04
 3.548133892e+02 1.000223295e+00 -4.859741431e-04 2.232951268e-04 -4.859741431e-04
 3.715352291e+02 1.000240860e+00 -5.214396227e-04 2.408601561e-04 -5.214396227e-04
 3.890451450e+02 1.000259217e+00 -5.602806384e-04 2.592165802e-04 -5.602806384e-04
 3.981071705e+02 1.000268657e+00 -5.810770378e-04 2.686575308e-04 -5.810770378e-04
 4.168693835e+02 1.000287971e+00 -6.256565940e-04 2.879711540e-04 -6.256565940e-04
 4.265795188e+02 1.000297796e+00 -6.495384192e-04 2.977959641e-04 -6.495384192e-04
 4.466835921e+02 1.000317632e+00 -7.007427909e-04 3.176317289e-04 -7.007427909e-04
 4.677351413e+02 1.000337462e+00 -7.568883275e-04 3.374616834e-04 -7.568883275e-04
 4.786300923e+02 1.000347259e+00 -7.869484345e-04 3.472593727e-04 -7.869484345e-04
 5.011872336e+02 1.000366338e+00 -8.513105637e-04 3.663378358e-04 -8.513105637e-04
 5.128613840e+02 1.000375486e+00 -8.857163835e-04 3.754858737e-04 -8.857163835e-04
 5.370317964e+02 1.000392614e+00 -9.592211024e-04 3.926138809e-04 -9.592211024e-04
 5.623413252e+02 1.000407581e+00 -1.039267471e-03 4.075812257e-04 -1.039267471e-03
 5.754399373e+02 1.000413999e+00 -1.081831328e-03 4.139988364e-04 -1.081831328e-03
 6.025595861e+02 1.000424122e+00 -1.172154791e-03 4.241215240e-04 -1.172154791e-03
 6.165950019e+02 1.000427572e+00 -1.219933123e-03 4.275720327e-04 -1.219933123e-03
 6.456542290e+02 1.000430566e+00 -1.320685387e-03 4.305657425e-04 -1.320685387e-03
 6.760829754e+02 1.000427377e+00 -1.428156957e-03 4.273768964e-04 -1.428156957e-03
 6.918309709e+02 1.000423089e+00 -1.484275419e-03 4.230885599e-04 -1.484275419e-03
 7.244359601e+02 1.000408374e+00 -1.600849572e-03 4.083741624e-04 -1.600849572e-03
 7.413102413e+02 1.000397659e+00 -1.661077161e-03 3.976594119e-04 -1.661077161e-03
 7.762471166e+02 1.000368854e+00 -1.784697208e-03 3.688535626e-04 -1.784697208e-03
 8.128305162e+02 1.000329481e+00 -1.911362623e-03 3.294804634e-04 -1.911362623e-03
 8.317637711e+02 1.000305623e+00 -1.975333282e-03 3.056229964e-04 -1.975333282e-03
 8.709635900e+02 1.000249345e+00 -2.103422921e-03 2.493448519e-04 -2.103422921e-03
 8.912509381e+02 1.000216914e+00 -2.167063772e-03 2.169142496e-04 -2.167063772e-03
 9.332543008e+02 1.000143662e+00 -2.292318507e-03 1.436619072e-04 -2.292318507e-03
 9.772372210e+02 1.000059826e+00 -2.413286593e-03 5.982620138e-05 -2.413286593e-03
 1.000000000e+03 1.000014276e+00 -2.471608569e-03 1.427576742e-05 -2.471608569e-03
 1.047128548e+03 9.999168133e-01 -2.582969405e-03 -8.318674228e-05 -2.582969405e-03
 1.096478196e+03 9.998123216e-01 -2.686281657e-03 -1.876783959e-04 -2.686281657e-03
 1.122018454e+03 9.997580421e-01 -2.734646462e-03 -2.419578475e-04 -2.734646462e-03
 1.174897555e+03 9.996466952e-01 -2.824508217e-03 -3.533048045e-04 -2.824508217e-03
 1.202264435e+03 9.995901441e-01 -2.865981771e-03 -4.098558895e-04 -2.865981771e-03
 1.258925412e+03 9.994765408e-01 -2.942171296e-03 -5.234591997e-04 -2.942171296e-03
 1.318256739e+03 9.993638193e-01 -3.009859972e-03 -6.361807164e-04 -3.009859972e-03
 1.348962883e+03 9.993083148e-01 -3.040788671e-03 -6.916851670e-04 -3.040788671e-03
 1.412537545e+03 9.991999146e-01 -3.097507702e-03 -8.000853813e-04 -3.097507702e-03
 1.445439771e+03 9.991473192e-01 -3.123611617e-03 -8.526807560e-04 -3.123611617e-03
 1.513561248e+03 9.990459415e-01 -3.172148570e-03 -9.540585055e-04 -3.172148570e-03
 1.584893192e+03 9.989502317e-01 -3.216951191e-03 -1.049768315e-03 -3.216951191e-03
 1.621810097e+03 9.989046556e-01 -3.238386878e-03 -1.095344347e-03 -3.238386878e-03
 1.698243653e+03 9.988182321e-01 -3.280171882e-03 -1.181767868e-03 -3.280171882e-03
 1.737800829e+03 9.987774129e-01 -3.300844549e-03 -1.222587094e-03 -3.300844549e-03
 1.819700859e+03 9.987005470e-01 -3.342511901e-03 -1.299452950e-03 -3.342511901e-03
 1.905460718e+03 9.986299242e-01 -3.385542636e-03 -1.370075802e-03 -3.385542636e-03
 1.949844600e+03 9.985968829e-01 -3.407892075e-03 -1.403117055e-03 -3.407892075e-03
 2.041737945e+03 9.985351543e-01 -3.454841014e-03 -1.464845647e-03 -3.454841014e-03
 2.089296131e+03 9.985063818e-01 -3.479652324e-03 -1.493618166e-03 -3.479652324e-03
 2.187761624e+03 9.984527905e-01 -3.532429355e-03 -1.547209483e-03 -3.532429355e-03
 2.290867653e+03 9.984041502e-01 -3.589984245e-03 -1.595849777e-03 -3.589984245e-03
 2.344228815e+03 9.983815650e-01 -3.620748118e-03 -1.618434949e-03 -3.620748118e-03
 2.454708916e+03 9.983396236e-01 -3.686597854e-03 -1.660376450e-03 -3.686597854e-03
 2.511886432e+03 9.983201730e-01 -3.721811492e-03 -1.679827020e-03 -3.721811492e-03
 2.630267992e+03 9.982840847e-01 -3.797110677e-03 -1.715915344e-03 -3.797110677e-03
 2.754228703e+03 9.982514586e-01 -3.879265911e-03 -1.748541436e-03 -3.879265911e-03
 2.818382931e+03 9.982363412e-01 -3.923041195e-03 -1.763658779e-03 -3.923041195e-03
 2.951209227e+03 9.982083060e-01 -4.016224897e-03 -1.791693970e-03 -4.016224897e-03
 3.019951720e+03 9.981953161e-01 -4.065724398e-03 -1.804683915e-03 -4.065724398e-03
 3.162277660e+03 9.981712228e-01 -4.170759135e-03 -1.828777178e-03 -4.170759135e-03
 3.311311215e+03 9.981494377e-01 -4.284127973e-03 -1.850562294e-03 -4.284127973e-03
 3.388441561e+03 9.981393384e-01 -4.344043800e-03 -1.860661639e-03 -4.344043800e-03
 3.548133892e+03 9.981205934e-01 -4.470549704e-03 -1.879406567e-03 -4.470549704e-03
 3.630780548e+03 9.981118987e-01 -4.537224761e-03 -1.888101330e-03 -4.537224761e-03
 3.801893963e+03 9.980957507e-01 -4.677634021e-03 -1.904249314e-03 -4.677634021e-03
 3.981071706e+03 9.980811194e-01 -4.827747954e-03 -1.918880545e-03 -4.827747954e-03
 4.073802778e+03 9.980743246e-01 -4.906556325e-03 -1.925675442e-03 -4.906556325e-03
 4.265795188e+03 9.980616885e-01 -5.071907155e-03 -1.938311465e-03 -5.071907155e-03
 4.365158322e+03 9.980558150e-01 -5.158544885e-03 -1.944184985e-03 -5.158544885e-03
 4.570881896e+03 9.980448821e-01 -5.339990890e-03 -1.955117892e-03 -5.339990890e-03
 4.786300923e+03 9.980349437e-01 -5.532672058e-03 -1.965056327e-03 -5.532672058e-03
 4.897788194e+03 9.980303158e-01 -5.633358341e-03 -1.969684182e-03 -5.633358341e-03
 5.128613840e+03 9.980216852e-01 -5.843698831e-03 -1.978314787e-03 -5.843698831e-03
 5.248074602e+03 9.980176611e-01 -5.953467839e-03 -1.982338867e-03 -5.953467839e-03
 5.495408739e+03 9.980101460e-01 -6.182501451e-03 -1.989853970e-03 -6.182501451e-03
 5.754399373e+03 9.980032814e-01 -6.424611389e-03 -1.996718612e-03 -6.424611389e-03
 5.888436554e+03 9.980000720e-01 -6.550731902e-03 -1.999927982e-03 -6.550731902e-03
 6.165950019e+03 9.979940607e-01 -6.813442727e-03 -2.005939295e-03 -6.813442727e-03
 6.309573445e+03 9.979912444e-01 -6.950173839e-03 -2.008755546e-03 -6.950173839e-03
 6.606934480e+03 9.979859574e-01 -7.234753296e-03 -2.014042551e-03 -7.234753296e-03
 6.918309709e+03 9.979810902e-01 -7.534665884e-03 -2.018909833e-03 -7.534665884e-03
 7.079457844e+03 9.979787996e-01 -7.690570880e-03 -2.021200417e-03 -7.690570880e-03
 7.413102413e+03 9.979744780e-01 -8.014693926e-03 -2.025522012e-03 -8.014693926e-03
 7.585775750e+03 9.979724370e-01 -8.183084670e-03 -2.027562973e-03 -8.183084670e-03
 7.943282347e+03 9.979685714e-01 -8.532973025e-03 -2.031428601e-03 -8.532973025e-03
 8.317637711e+03 9.979649651e-01 -8.900962000e-03 -2.035034912e-03 -8.900962000e-03
 8.511380382e+03 9.979632489e-01 -9.091987486e-03 -2.036751120e-03 -9.091987486e-03
 8.912509381e+03 9.979599710e-01 -9.488608661e-03 -2.040028973e-03 -9.488608661e-03
 9.120108394e+03 9.979584020e-01 -9.694415337e-03 -2.041597965e-03 -9.694415337e-03
 9.549925860e+03 9.979553864e-01 -1.012156829e-02 -2.044613600e-03 -1.012156829e-02
 1.000000000e+04 9.979525117e-01 -1.057020277e-02 -2.047488301e-03 -1.057020277e-02
 1.023292992e+04 9.979511192e-01 -1.080287209e-02 -2.048880802e-03 -1.080287209e-02
 1.071519305e+04 9.979484085e-01 -1.128553376e-02 -2.051591467e-03 -1.128553376e-02
 1.122018454e+04 9.979457772e-01 -1.179215404e-02 -2.054222791e-03 -1.179215404e-02
 1.148153622e+04 9.979444841e-01 -1.205478360e-02 -2.055515935e-03 -1.205478360e-02
 1.202264435e+04 9.979419287e-01 -1.259938047e-02 -2.058071321e-03 -1.259938047e-02
 1.230268771e+04 9.979406609e-01 -1.288163765e-02 -2.059339138e-03 -1.288163765e-02
 1.288249552e+04 9.979381312e-01 -1.346682093e-02 -2.061868831e-03 -1.346682093e-02
 1.348962883e+04 9.979355910e-01 -1.408060784e-02 -2.064408946e-03 -1.408060784e-02
 1.380384265e+04 9.979343102e-01 -1.439863394e-02 -2.065689805e-03 -1.439863394e-02
 1.445439771e+04 9.979317130e-01 -1.505779883e-02 -2.068287037e-03 -1.505779883e-02
 1.479108388e+04 9.979303910e-01 -1.539928898e-02 -2.069609049e-03 -1.539928898e-02
 1.548816619e+04 9.979276858e-01 -1.610699520e-02 -2.072314223e-03 -1.610699520e-02
 1.621810097e+04 9.979248794e-01 -1.684893528e-02 -2.075120607e-03 -1.684893528e-02
 1.659586907e+04 9.979234306e-01 -1.723323508e-02 -2.076569345e-03 -1.723323508e-02
 1.737800829e+04 9.979204263e-01 -1.802952028e-02 -2.079573689e-03 -1.802952028e-02
 1.778279410e+04 9.979188641e-01 -1.844193106e-02 -2.081135845e-03 -1.844193106e-02
 1.862087137e+04 9.979156028e-01 -1.929639122e-02 -2.084397190e-03 -1.929639122e-02
 1.949844600e+04 9.979121348e-01 -2.019190188e-02 -2.087865225e-03 -2.019190188e-02
 1.995262315e+04 9.979103138e-01 -2.065564673e-02 -2.089686188e-03 -2.065564673e-02
 2.089296131e+04 9.979064779e-01 -2.161635740e-02 -2.093522046e-03 -2.161635740e-02
 2.137962090e+04 9.979044546e-01 -2.211383811e-02 -2.095545403e-03 -2.211383811e-02
 2.238721139e+04 9.979001746e-01 -2.314438448e-02 -2.099825369e-03 -2.314438448e-02
 2.344228815e+04 9.978955517e-01 -2.422423254e-02 -2.104448334e-03 -2.422423254e-02
 2.398832919e+04 9.978930988e-01 -2.478336580e-02 -2.106901199e-03 -2.478336580e-02
 2.511886431e+04 9.978878828e-01 -2.594155474e-02 -2.112117161e-03 -2.594155474e-02
 2.570395783e+04 9.978851080e-01 -2.654123402e-02 -2.114891982e-03 -2.654123402e-02
 2.691534804e+04 9.978791934e-01 -2.778337864e-02 -2.120806633e-03 -2.778337864e-02
 2.818382931e+04 9.978727468e-01 -2.908481940e-02 -2.127253201e-03 -2.908481940e-02
 2.884031503e+04 9.978693059e-01 -2.975864996e-02 -2.130694137e-03 -2.975864996e-02
 3.019951720e+04 9.978619492e-01 -3.115435531e-02 -2.138050809e-03 -3.115435531e-02
 3.090295432e+04 9.978580165e-01 -3.187698667e-02 -2.141983516e-03 -3.187698667e-02
 3.235936569e+04 9.978495967e-01 -3.337376857e-02 -2.150403334e-03 -3.337376857e-02
 3.388441561e+04 9.978403713e-01 -3.494197275e-02 -2.159628736e-03 -3.494197275e-02
 3.467368504e+04 9.978354296e-01 -3.575392028e-02 -2.164570370e-03 -3.575392028e-02
 3.630780548e+04 9.978248298e-01 -3.743572371e-02 -2.175170159e-03 -3.743572371e-02
 3.715352291e+04 9.978191464e-01 -3.830650004e-02 -2.180853655e-03 -3.830650004e-02
 3.890451450e+04 9.978069436e-01 -4.011019025e-02 -2.193056359e-03 -4.011019025e-02
 4.073802778e+04 9.977935265e-01 -4.200005697e-02 -2.206473536e-03 -4.200005697e-02
 4.168693835e+04 9.977863218e-01 -4.297860164e-02 -2.213678252e-03 -4.297860164e-02
 4.365158322e+04 9.977708306e-01 -4.500562040e-02 -2.229169402e-03 -4.500562040e-02
 4.466835921e+04 9.977625053e-01 -4.605521902e-02 -2.237494666e-03 -4.605521902e-02
 4.677351413e+04 9.977445899e-01 -4.822951568e-02 -2.255410071e-03 -4.822951568e-02
 4.897788194e+04 9.977248329e-01 -5.050801814e-02 -2.275167140e-03 -5.050801814e-02
 5.011872336e+04 9.977142004e-01 -5.168793427e-02 -2.285799644e-03 -5.168793427e-02
 5.248074603e+04 9.976912874e-01 -5.413241938e-02 -2.308712636e-03 -5.413241938e-02
 5.370317964e+04 9.976789458e-01 -5.539837075e-02 -2.321054224e-03 -5.539837075e-02
 5.623413252e+04 9.976523255e-01 -5.802128680e-02 -2.347674459e-03 -5.802128680e-02
 5.888436554e+04 9.976228756e-01 -6.077057695e-02 -2.377124408e-03 -6.077057695e-02
 6.025595861e+04 9.976069881e-01 -6.219457338e-02 -2.393011904e-03 -6.219457338e-02
 6.309573445e+04 9.975726625e-01 -6.514538148e-02 -2.427337537e-03 -6.514538148e-02
 6.456542290e+04 9.975541253e-01 -6.667390706e-02 -2.445874658e-03 -6.667390706e-02
 6.760829754e+04 9.975140305e-01 -6.984166783e-02 -2.485969451e-03 -6.984166783e-02
 7.079457844e+04 9.974695031e-01 -7.316329577e-02 -2.530496928e-03 -7.316329577e-02
 7.244359601e+04 9.974454097e-01 -7.488425698e-02 -2.554590307e-03 -7.488425698e-02
 7.585775750e+04 9.973931885e-01 -7.845161923e-02 -2.606811511e-03 -7.845161923e-02
 7.762471166e+04 9.973648950e-01 -8.030016969e-02 -2.635104983e-03 -8.030016969e-02
 8.128305162e+04 9.973034843e-01 -8.413262506e-02 -2.696515681e-03 -8.413262506e-02
 8.511380382e+04 9.972349541e-01 -8.815344104e-02 -2.765045851e-03 -8.815344104e-02
 8.709635900e+04 9.971977333e-01 -9.023757910e-02 -2.802266662e-03 -9.023757910e-02
 9.120108394e+04 9.971167345e-01 -9.455984490e-02 -2.883265542e-03 -9.455984490e-02
 9.332543008e+04 9.970726694e-01 -9.680070863e-02 -2.927330637e-03 -9.680070863e-02
 9.772372210e+04 9.969766089e-01 -1.014490689e-01 -3.023391117e-03 -1.014490689e-01
 1.023292992e+05 9.968687654e-01 -1.063297181e-01 -3.131234569e-03 -1.063297181e-01
 1.047128548e+05 9.968099190e-01 -1.088611321e-01 -3.190080973e-03 -1.088611321e-01
 1.096478196e+05 9.966812250e-01 -1.141145726e-01 -3.318775040e-03 -1.141145726e-01
 1.148153622e+05 9.965361107e-01 -1.196340892e-01 -3.463889265e-03 -1.196340892e-01
 1.174897555e+05 9.964566599e-01 -1.224983325e-01 -3.543340050e-03 -1.224983325e-01
 1.230268771e+05 9.962822876e-01 -1.284457891e-01 -3.717712366e-03 -1.284457891e-01
 1.258925412e+05 9.961866100e-01 -1.315332186e-01 -3.813389990e-03 -1.315332186e-01
 1.318256739e+05 9.959761448e-01 -1.379466010e-01 -4.023855206e-03 -1.379466010e-01
 1.380384265e+05 9.957369411e-01 -1.446938146e-01 -4.263058870e-03 -1.446938146e-01
 1.412537545e+05 9.956051848e-01 -1.481988693e-01 -4.394815238e-03 -1.481988693e-01
 1.479108388e+05 9.953141905e-01 -1.554852409e-01 -4.685809478e-03 -1.554852409e-01
 1.513561248e+05 9.951535194e-01 -1.592722163e-01 -4.846480547e-03 -1.592722163e-01
 1.584893193e+05 9.947977743e-01 -1.671487314e-01 -5.202225693e-03 -1.671487314e-01
 1.659586907e+05 9.943899057e-01 -1.754500521e-01 -5.610094287e-03 -1.754500521e-01
 1.698243653e+05 9.941637673e-01 -1.797685212e-01 -5.836232697e-03 -1.797685212e-01
 1.778279410e+05 9.936609244e-01 -1.887593120e-01 -6.339075562e-03 -1.887593120e-01
 1.819700859e+05 9.933814241e-01 -1.934393782e-01 -6.618575864e-03 -1.934393782e-01
 1.905460718e+05 9.927583163e-01 -2.031894228e-01 -7.241683721e-03 -2.031894228e-01
 1.995262315e+05 9.920374072e-01 -2.134887953e-01 -7.962592836e-03 -2.134887953e-01
 2.041737945e+05 9.916350149e-01 -2.188562155e-01 -8.364985137e-03 -2.188562155e-01
 2.137962090e+05 9.907341025e-01 -2.300517235e-01 -9.265897456e-03 -2.300517235e-01
 2.187761624e+05 9.902299974e-01 -2.358905220e-01 -9.770002550e-03 -2.358905220e-01
 2.290867653e+05 9.890985488e-01 -2.480786538e-01 -1.090145122e-02 -2.480786538e-01
 2.398832919e+05 9.877779665e-01 -2.609881633e-01 -1.222203350e-02 -2.609881633e-01
 2.454708916e+05 9.870361210e-01 -2.677296045e-01 -1.296387899e-02 -2.677296045e-01
 2.570395783e+05 9.853644904e-01 -2.818204282e-01 -1.463550959e-02 -2.818204282e-01
 2.630267992e+05 9.844233581e-01 -2.891844224e-01 -1.557664189e-02 -2.891844224e-01
 2.754228703e+05 9.822980042e-01 -3.045880868e-01 -1.770199580e-02 -3.045880868e-01
 2.884031503e+05 9.797979095e-01 -3.209470516e-01 -2.020209055e-02 -3.209470516e-01
 2.951209227e+05 9.783856276e-01 -3.295061157e-01 -2.161437240e-02 -3.295061157e-01
 3.090295432e+05 9.751858577e-01 -3.474281250e-01 -2.481414229e-02 -3.474281250e-01
 3.162277660e+05 9.733751890e-01 -3.568095567e-01 -2.662481104e-02 -3.568095567e-01
 3.311311215e+05 9.692660532e-01 -3.764606168e-01 -3.073394683e-02 -3.764606168e-01
 3.467368505e+05 9.644034666e-01 -3.973599630e-01 -3.559653337e-02 -3.973599630e-01
 3.548133892e+05 9.616455821e-01 -4.083016682e-01 -3.835441791e-02 -4.083016682e-01
 3.715352291e+05 9.553742254e-01 -4.312155946e-01 -4.462577460e-02 -4.312155946e-01
 3.801893963e+05 9.518142556e-01 -4.432053791e-01 -4.818574443e-02 -4.432053791e-01
 3.981071705e+05 9.437139803e-01 -4.682901719e-01 -5.628601972e-02 -4.682901719e-01
 4.168693835e+05 9.341041315e-01 -4.948910211e-01 -6.589586850e-02 -4.948910211e-01
 4.265795188e+05 9.286477430e-01 -5.087710907e-01 -7.135225703e-02 -5.087710907e-01
 4.466835921e+05 9.162374507e-01 -5.376972926e-01 -8.376254926e-02 -5.376972926e-01
 4.570881896e+05 9.091970422e-01 -5.527390255e-01 -9.080295782e-02 -5.527390255e-01
 4.786300923e+05 8.932070735e-01 -5.839454619e-01 -1.067929265e-01 -5.839454619e-01
 5.011872336e+05 8.743189342e-01 -6.165569061e-01 -1.256810658e-01 -6.165569061e-01
 5.128613840e+05 8.636454252e-01 -6.333360992e-01 -1.363545748e-01 -6.333360992e-01
 5.370317964e+05 8.395337762e-01 -6.676805567e-01 -1.604662238e-01 -6.676805567e-01
 5.495408739e+05 8.259684561e-01 -6.851591393e-01 -1.740315440e-01 -6.851591393e-01
 5.754399373e+05 7.954971387e-01 -7.204465695e-01 -2.045028614e-01 -7.204465695e-01
 6.025595861e+05 7.601559571e-01 -7.556807480e-01 -2.398440429e-01 -7.556807480e-01
 6.165950019e+05 7.405156883e-01 -7.730511080e-01 -2.594843117e-01 -7.730511080e-01
 6.456542290e+05 6.970620960e-01 -8.067418275e-01 -3.029379040e-01 -8.067418275e-01
 6.606934480e+05 6.731835228e-01 -8.228040633e-01 -3.268164772e-01 -8.228040633e-01
 6.918309709e+05 6.210587387e-01 -8.526349747e-01 -3.789412613e-01 -8.526349747e-01
 7.244359601e+05 5.632254881e-01 -8.783359358e-01 -4.367745119e-01 -8.783359358e-01
 7.413102413e+05 5.322899072e-01 -8.892161576e-01 -4.677100928e-01 -8.892161576e-01
 7.762471166e+05 4.668335522e-01 -9.061920326e-01 -5.331664478e-01 -9.061920326e-01
 7.943282347e+05 4.325705757e-01 -9.119688887e-01 -5.674294243e-01 -9.119688887e-01
 8.317637711e+05 3.618079519e-01 -9.174056856e-01 -6.381920481e-01 -9.174056856e-01
 8.709635900e+05 2.894312026e-01 -9.140066413e-01 -7.105687974e-01 -9.140066413e-01
 8.912509381e+05 2.532126942e-01 -9.088429878e-01 -7.467873057e-01 -9.088429878e-01
 9.332543008e+05 1.819416068e-01 -8.915708649e-01 -8.180583932e-01 -8.915708649e-01
 9.549925860e+05 1.473775265e-01 -8.795599244e-01 -8.526224735e-01 -8.795599244e-01
 1.000000000e+06 8.153544904e-02 -8.492834873e-01 -9.184645510e-01 -8.492834873e-01
 1.047128548e+06 2.137548520e-02 -8.116665104e-01 -9.786245148e-01 -8.116665104e-01
 1.071519305e+06 -6.183320337e-03 -7.905629032e-01 -1.006183320e+00 -7.905629032e-01
 1.122018454e+06 -5.573912856e-02 -7.448000179e-01 -1.055739129e+00 -7.448000179e-01
 1.174897555e+06 -9.754522065e-02 -6.957196934e-01 -1.097545221e+00 -6.957196934e-01
 1.202264435e+06 -1.155245398e-01 -6.704535962e-01 -1.115524540e+00 -6.704535962e-01
 1.258925412e+06 -1.458159412e-01 -6.194141350e-01 -1.145815941e+00 -6.194141350e-01
 1.288249552e+06 -1.582583928e-01 -5.939739163e-01 -1.158258393e+00 -5.939739163e-01
 1.348962883e+06 -1.781665175e-01 -5.439559725e-01 -1.178166518e+00 -5.439559725e-01
 1.412537545e+06 -1.921117622e-01 -4.958181834e-01 -1.192111762e+00 -4.958181834e-01
 1.445439771e+06 -1.971153977e-01 -4.726639482e-01 -1.197115398e+00 -4.726639482e-01
 1.513561248e+06 -2.037212632e-01 -4.284684284e-01 -1.203721263e+00 -4.284684284e-01
 1.548816619e+06 -2.055306161e-01 -4.075004347e-01 -1.205530616e+00 -4.075004347e-01
 1.621810097e+06 -2.066473362e-01 -3.679241125e-01 -1.206647336e+00 -3.679241125e-01
 1.698243653e+06 -2.050116619e-01 -3.315245533e-01 -1.205011662e+00 -3.315245533e-01
 1.737800829e+06 -2.033581993e-01 -3.145021832e-01 -1.203358199e+00 -3.145021832e-01
 1.819700859e+06 -1.987203425e-01 -2.827410854e-01 -1.198720342e+00 -2.827410854e-01
 1.862087137e+06 -1.958546245e-01 -2.679635439e-01 -1.195854624e+00 -2.679635439e-01
 1.949844600e+06 -1.892857283e-01 -2.405006819e-01 -1.189285728e+00 -2.405006819e-01
 2.041737945e+06 -1.818845756e-01 -2.156606210e-01 -1.181884576e+00 -2.156606210e-01
 2.089296131e+06 -1.779622366e-01 -2.041594518e-01 -1.177962237e+00 -2.041594518e-01
 2.187761624e+06 -1.698214806e-01 -1.828651139e-01 -1.169821481e+00 -1.828651139e-01
 2.238721139e+06 -1.656522295e-01 -1.730210886e-01 -1.165652230e+00 -1.730210886e-01
 2.344228815e+06 -1.572179729e-01 -1.548166814e-01 -1.157217973e+00 -1.548166814e-01
 2.454708916e+06 -1.487644935e-01 -1.384357951e-01 -1.148764494e+00 -1.384357951e-01
 2.511886431e+06 -1.445637874e-01 -1.308743680e-01 -1.144563787e+00 -1.308743680e-01
 2.630267992e+06 -1.362664587e-01 -1.169077467e-01 -1.136266459e+00 -1.169077467e-01
 2.691534804e+06 -1.321865297e-01 -1.104645260e-01 -1.132186530e+00 -1.104645260e-01
 2.818382931e+06 -1.241973736e-01 -9.856977113e-02 -1.124197374e+00 -9.856977113e-02
 2.951209227e+06 -1.164692086e-01 -8.788905137e-02 -1.116469209e+00 -8.788905137e-02
 3.019951720e+06 -1.127126341e-01 -8.296633909e-02 -1.112712634e+00 -8.296633909e-02
 3.162277660e+06 -1.054282425e-01 -7.388743324e-02 -1.105428242e+00 -7.388743324e-02
 3.235936569e+06 -1.019043692e-01 -6.970577832e-02 -1.101904369e+00 -6.970577832e-02
 3.388441561e+06 -9.509994241e-02 -6.199912922e-02 -1.095099942e+00 -6.199912922e-02
 3.548133892e+06 -8.862477405e-02 -5.509618345e-02 -1.088624774e+00 -5.509618345e-02
 3.630780548e+06 -8.551140144e-02 -5.192114007e-02 -1.085511401e+00 -5.192114007e-02
 3.801893963e+06 -7.953250289e-02 -4.607822616e-02 -1.079532503e+00 -4.607822616e-02
 3.890451450e+06 -7.666616836e-02 -4.339340831e-02 -1.076666168e+00 -4.339340831e-02
 4.073802778e+06 -7.117652072e-02 -3.845772063e-02 -1.071176521e+00 -3.845772063e-02
 4.265795188e+06 -6.600510791e-02 -3.405252523e-02 -1.066005108e+00 -3.405252523e-02
 4.365158322e+06 -6.353616863e-02 -3.203210270e-02 -1.063536169e+00 -3.203210270e-02
 4.570881896e+06 -5.882592588e-02 -2.832483908e-02 -1.058825926e+00 -2.832483908e-02
 4.677351413e+06 -5.658205417e-02 -2.662656005e-02 -1.056582054e+00 -2.662656005e-02
 4.897788194e+06 -5.230997436e-02 -2.351412296e-02 -1.052309974e+00 -2.351412296e-02
 5.128613840e+06 -4.831582803e-02 -2.074796576e-02 -1.048315828e+00 -2.074796576e-02
 5.248074603e+06 -4.641925131e-02 -1.948340107e-02 -1.046419251e+00 -1.948340107e-02
 5.495408739e+06 -4.281943029e-02 -1.717049261e-02 -1.042819430e+00 -1.717049261e-02
 5.623413252e+06 -4.111307675e-02 -1.611442422e-02 -1.041113077e+00 -1.611442422e-02
 5.888436554e+06 -3.787965170e-02 -1.418514027e-02 -1.037879652e+00 -1.418514027e-02
 6.165950019e+06 -3.487480919e-02 -1.247778733e-02 -1.034874809e+00 -1.247778733e-02
 6.309573445e+06 -3.345419917e-02 -1.169973742e-02 -1.033454199e+00 -1.169973742e-02
 6.606934480e+06 -3.076886589e-02 -1.028101033e-02 -1.030768866e+00 -1.028101033e-02
 6.760829754e+06 -2.950108833e-02 -9.635200753e-03 -1.029501088e+00 -9.635200753e-03
 7.079457844e+06 -2.710780349e-02 -8.458835118e-03 -1.027107804e+00 -8.458835118e-03
 7.413102413e+06 -2.489443786e-02 -7.421747824e-03 -1.024894438e+00 -7.421747824e-03
 7.585775750e+06 -2.385164537e-02 -6.950457973e-03 -1.023851645e+00 -6.950457973e-03
 7.943282347e+06 -2.188690268e-02 -6.093347918e-03 -1.021886903e+00 -6.093347918e-03
 8.128305162e+06 -2.096225827e-02 -5.704202605e-03 -1.020962258e+00 -5.704202605e-03
 8.511380382e+06 -1.922190138e-02 -4.997089682e-03 -1.019221901e+00 -4.997089682e-03
 8.912509381e+06 -1.761843601e-02 -4.375656169e-03 -1.017618436e+00 -4.375656169e-03
 9.120108394e+06 -1.686501975e-02 -4.093896242e-03 -1.016865020e+00 -4.093896242e-03
 9.549925860e+06 -1.544905376e-02 -3.582559383e-03 -1.015449054e+00 -3.582559383e-03
 9.772372210e+06 -1.478429062e-02 -3.350884228e-03 -1.014784291e+00 -3.350884228e-03
 1.023292992e+07 -1.353590305e-02 -2.930720629e-03 -1.013535903e+00 -2.930720629e-03
 1.071519305e+07 -1.238899175e-02 -2.562375869e-03 -1.012388992e+00 -2.562375869e-03
 1.096478196e+07 -1.185118795e-02 -2.395661658e-03 -1.011851188e+00 -2.395661658e-03
 1.148153621e+07 -1.084234191e-02 -2.093601987e-03 -1.010842342e+00 -2.093601987e-03
 1.202264435e+07 -9.916794725e-03 -1.829119399e-03 -1.009916795e+00 -1.829119399e-03
 1.230268771e+07 -9.483220749e-03 -1.709517988e-03 -1.009483221e+00 -1.709517988e-03
 1.288249552e+07 -8.670637543e-03 -1.492992824e-03 -1.008670638e+00 -1.492992824e-03
 1.318256739e+07 -8.290174182e-03 -1.395122160e-03 -1.008290174e+00 -1.395122160e-03
 1.380384265e+07 -7.577460491e-03 -1.218011017e-03 -1.007577461e+00 -1.218011017e-03
 1.445439771e+07 -6.924726316e-03 -1.063170699e-03 -1.006924726e+00 -1.063170699e-03
 1.479108388e+07 -6.619325675e-03 -9.932267205e-04 -1.006619326e+00 -9.932267205e-04
 1.548816619e+07 -6.047602574e-03 -8.667269932e-04 -1.006047603e+00 -8.667269932e-04
 1.584893193e+07 -5.780202670e-03 -8.096035684e-04 -1.005780203e+00 -8.096035684e-04
 1.659586907e+07 -5.279785936e-03 -7.063216708e-04 -1.005279786e+00 -7.063216708e-04
 1.737800829e+07 -4.822053097e-03 -6.161273345e-04 -1.004822053e+00 -6.161273345e-04
 1.778279410e+07 -4.608077212e-03 -5.754170870e-04 -1.004608077e+00 -5.754170870e-04
 1.862087137e+07 -4.207827498e-03 -5.018419206e-04 -1.004207827e+00 -5.018419206e-04
 1.905460718e+07 -4.020771632e-03 -4.686406729e-04 -1.004020772e+00 -4.686406729e-04
 1.995262315e+07 -3.670959837e-03 -4.086491801e-04 -1.003670960e+00 -4.086491801e-04
 2.089296131e+07 -3.351269052e-03 -3.563012630e-04 -1.003351269e+00 -3.563012630e-04
 2.137962089e+07 -3.201916492e-03 -3.326866875e-04 -1.003201916e+00 -3.326866875e-04
 2.238721139e+07 -2.922706275e-03 -2.900301230e-04 -1.002922706e+00 -2.900301230e-04
 2.290867653e+07 -2.792289178e-03 -2.707905748e-04 -1.002792289e+00 -2.707905748e-04
 2.398832919e+07 -2.548519012e-03 -2.360421275e-04 -1.002548519e+00 -2.360421275e-04
 2.511886432e+07 -2.325878056e-03 -2.057380706e-04 -1.002325878e+00 -2.057380706e-04
 2.570395783e+07 -2.221910617e-03 -1.920730809e-04 -1.002221911e+00 -1.920730809e-04
 2.691534804e+07 -2.027624442e-03 -1.673979981e-04 -1.002027624e+00 -1.673979981e-04
 2.754228703e+07 -1.936909558e-03 -1.562725704e-04 -1.001936910e+00 -1.562725704e-04
 2.884031503e+07 -1.767408569e-03 -1.361853314e-04 -1.001767409e+00 -1.361853314e-04
 3.019951720e+07 -1.612667127e-03 -1.186742129e-04 -1.001612667e+00 -1.186742129e-04
 3.090295432e+07 -1.540429135e-03 -1.107801324e-04 -1.001540429e+00 -1.107801324e-04
 3.235936569e+07 -1.405474311e-03 -9.652926891e-05 -1.001405474e+00 -9.652926891e-05
 3.311311215e+07 -1.342478949e-03 -9.010544600e-05 -1.001342479e+00 -9.010544600e-05
 3.467368505e+07 -1.224800801e-03 -7.850963333e-05 -1.001224801e+00 -7.850963333e-05
 3.630780548e+07 -1.117402479e-03 -6.840373955e-05 -1.001117403e+00 -6.840373955e-05
 3.715352291e+07 -1.067276423e-03 -6.384884922e-05 -1.001067276e+00 -6.384884922e-05
 3.890451450e+07 -9.736493720e-04 -5.562754028e-05 -1.000973649e+00 -5.562754028e-05
 3.981071705e+07 -9.299535090e-04 -5.192227280e-05 -1.000929954e+00 -5.192227280e-05
 4.168693835e+07 -8.483416216e-04 -4.523482640e-05 -1.000848342e+00 -4.523482640e-05
 4.365158322e+07 -7.738748245e-04 -3.940775772e-05 -1.000773875e+00 -3.940775772e-05
 4.466835922e+07 -7.391240893e-04 -3.678175915e-05 -1.000739124e+00 -3.678175915e-05
 4.677351413e+07 -6.742243844e-04 -3.204256822e-05 -1.000674224e+00 -3.204256822e-05
 4.786300923e+07 -6.439395476e-04 -2.990691150e-05 -1.000643939e+00 -2.990691150e-05
 5.011872336e+07 -5.873824912e-04 -2.605278766e-05 -1.000587383e+00 -2.605278766e-05
 5.248074602e+07 -5.357846146e-04 -2.269496876e-05 -1.000535785e+00 -2.269496876e-05
 5.370317964e+07 -5.117084006e-04 -2.118189287e-05 -1.000511708e+00 -2.118189287e-05
 5.623413252e+07 -4.667484435e-04 -1.845144824e-05 -1.000466748e+00 -1.845144824e-05
 5.754399373e+07 -4.457701961e-04 -1.722110883e-05 -1.000445770e+00 -1.722110883e-05
 6.025595861e+07 -4.065964606e-04 -1.500093571e-05 -1.000406596e+00 -1.500093571e-05
 6.309573445e+07 -3.708613237e-04 -1.306683973e-05 -1.000370861e+00 -1.306683973e-05
 6.456542290e+07 -3.541880598e-04 -1.219536847e-05 -1.000354188e+00 -1.219536847e-05
 6.760829754e+07 -3.230544228e-04 -1.062283457e-05 -1.000323054e+00 -1.062283457e-05
 6.918309709e+07 -3.085284248e-04 -9.914290578e-06 -1.000308528e+00 -9.914290578e-06
 7.244359601e+07 -2.814048480e-04 -8.635774158e-06 -1.000281405e+00 -8.635774158e-06
 7.585775750e+07 -2.566638894e-04 -7.522070987e-06 -1.000256664e+00 -7.522070987e-06
 7.762471166e+07 -2.451208527e-04 -7.020277741e-06 -1.000245121e+00 -7.020277741e-06
 8.128305162e+07 -2.235677607e-04 -6.114849716e-06 -1.000223568e+00 -6.114849716e-06
 8.317637711e+07 -2.135121867e-04 -5.706902873e-06 -1.000213512e+00 -5.706902873e-06
 8.709635900e+07 -1.947367239e-04 -4.970818619e-06 -1.000194737e+00 -4.970818619e-06
 9.120108394e+07 -1.776113994e-04 -4.329651496e-06 -1.000177611e+00 -4.329651496e-06
 9.332543008e+07 -1.696217563e-04 -4.040774502e-06 -1.000169622e+00 -4.040774502e-06
 9.772372210e+07 -1.547040098e-04 -3.519544117e-06 -1.000154704e+00 -3.519544117e-06
 1.000000000e+08 -1.477443589e-04 -3.284706600e-06 -1.000147744e+00 -3.284706600e-06
