 time v(n_filt_out) v(n_buf_out) i(v_link_u1_b)
 0.000000000e+00 2.048001051e+00 2.052500000e+00 6.144005988e-12
 7.047480000e-08 2.048001051e+00 2.052500000e+00 6.144205412e-12
 5.637984000e-07 2.048001051e+00 2.052500000e+00 6.143870819e-12
 1.635015360e-05 2.048001051e+00 2.052500000e+00 6.144009597e-12
 1.987389360e-05 2.048001051e+00 2.052500000e+00 6.144006682e-12
 2.163576360e-05 2.048001051e+00 2.052500000e+00 6.144018617e-12
 4.454007360e-05 2.048001051e+00 2.052500000e+00 6.144012650e-12
 4.630194360e-05 2.048001051e+00 2.052500000e+00 6.144008209e-12
 7.272999360e-05 2.048001051e+00 2.052500000e+00 6.144012650e-12
 1.009199136e-04 2.048001051e+00 2.052500000e+00 6.144012650e-12
 1.291098336e-04 2.048001051e+00 2.052500000e+00 6.144012650e-12
 1.572997536e-04 2.048001051e+00 2.052500000e+00 6.144012650e-12
 1.854896736e-04 2.048001051e+00 2.052500000e+00 6.144012650e-12
 2.136795936e-04 2.048001051e+00 2.052500000e+00 6.144012650e-12
 2.418695136e-04 2.048001051e+00 2.052500000e+00 6.144012650e-12
 2.700594336e-04 2.048001051e+00 2.052500000e+00 6.144012650e-12
 2.982493536e-04 2.048001051e+00 2.052500000e+00 6.144012650e-12
 3.264392736e-04 2.048001051e+00 2.052500000e+00 6.144012650e-12
 3.563910636e-04 2.048001051e+00 2.052500000e+00 6.144012650e-12
 3.845809836e-04 2.048001051e+00 2.052500000e+00 6.144012650e-12
 4.127709036e-04 2.048001051e+00 2.052500000e+00 6.144012650e-12
 4.409608236e-04 2.048001051e+00 2.052500000e+00 6.144012650e-12
 4.691507436e-04 2.048001051e+00 2.052500000e+00 6.144012650e-12
 4.973406636e-04 2.048001051e+00 2.052500000e+00 6.144012650e-12
 5.255305836e-04 2.048001051e+00 2.052500000e+00 6.144012650e-12
 5.537205036e-04 2.048001051e+00 2.052500000e+00 6.144012650e-12
 5.819104236e-04 2.048001051e+00 2.052500000e+00 6.144012650e-12
 6.101003436e-04 2.048001051e+00 2.052500000e+00 6.144012650e-12
 6.382902636e-04 2.048001051e+00 2.052500000e+00 6.144012650e-12
 6.406800000e-04 2.048001051e+00 2.052500000e+00 6.144024585e-12
 6.407504747e-04 2.049368455e+00 2.302500000e+00 -1.467303734e-05
 6.407850073e-04 2.049428703e+00 2.302500000e+00 -1.702847495e-05
 6.410612681e-04 2.048593105e+00 2.302500000e+00 -2.814892981e-05
 6.413769948e-04 2.047806529e+00 2.302500000e+00 -2.722413031e-05
 6.450332247e-04 2.047978033e+00 2.302500000e+00 -2.357845181e-05
 6.467950947e-04 2.048269138e+00 2.302500000e+00 -2.372788400e-05
 6.732231447e-04 2.052690598e+00 2.302500000e+00 -1.795815487e-05
 6.749850147e-04 2.053186581e+00 2.302500000e+00 -1.765282430e-05
 7.014130647e-04 2.063058931e+00 2.302500000e+00 -1.280405486e-05
 7.031749347e-04 2.063861098e+00 2.302500000e+00 -1.250780064e-05
 7.296029847e-04 2.077620583e+00 2.302500000e+00 -8.426926658e-06
 7.313648547e-04 2.078638136e+00 2.302500000e+00 -8.178648955e-06
 7.577929047e-04 2.095036531e+00 2.302500000e+00 -4.792774978e-06
 7.595547747e-04 2.096193137e+00 2.302500000e+00 -4.588855786e-06
 7.859828247e-04 2.114187771e+00 2.302500000e+00 -1.836562466e-06
 7.877446947e-04 2.115420384e+00 2.302500000e+00 -1.672737891e-06
 8.141727447e-04 2.134156920e+00 2.302500000e+00 5.110849185e-07
 8.159346147e-04 2.135414454e+00 2.302500000e+00 6.392220608e-07
 8.423626647e-04 2.154208580e+00 2.302500000e+00 2.320908115e-06
 8.441245347e-04 2.155450655e+00 2.302500000e+00 2.417770137e-06
 8.705525847e-04 2.173769109e+00 2.302500000e+00 3.662760936e-06
 8.723144547e-04 2.174964780e+00 2.302500000e+00 3.732641998e-06
 8.987425047e-04 2.192406423e+00 2.302500000e+00 4.603873706e-06
 9.005043747e-04 2.193532931e+00 2.302500000e+00 4.650857221e-06
 9.269324247e-04 2.209810382e+00 2.302500000e+00 5.207576808e-06
 9.286942947e-04 2.210851963e+00 2.302500000e+00 5.235469372e-06
 9.551223447e-04 2.225774180e+00 2.302500000e+00 5.532416974e-06
 9.568842147e-04 2.226720936e+00 2.302500000e+00 5.544704710e-06
 9.833122647e-04 2.240177021e+00 2.302500000e+00 5.631603158e-06
 9.850741347e-04 2.241023888e+00 2.302500000e+00 5.631426668e-06
 1.011502185e-03 2.252968277e+00 2.302500000e+00 5.552723823e-06
 1.013264055e-03 2.253714085e+00 2.302500000e+00 5.542868295e-06
 1.041453975e-03 2.264799877e+00 2.302500000e+00 5.320580288e-06
 1.043215845e-03 2.265440440e+00 2.302500000e+00 5.303097573e-06
 1.069643895e-03 2.274332178e+00 2.302500000e+00 5.000547953e-06
 1.071405765e-03 2.274878114e+00 2.302500000e+00 4.978027945e-06
 1.097833815e-03 2.282393561e+00 2.302500000e+00 4.613436197e-06
 1.099595685e-03 2.282850860e+00 2.302500000e+00 4.587626113e-06
 1.126023735e-03 2.289088910e+00 2.302500000e+00 4.184927183e-06
 1.127785605e-03 2.289464681e+00 2.302500000e+00 4.157275606e-06
 1.154213655e-03 2.294537539e+00 2.302500000e+00 3.736120649e-06
 1.155975525e-03 2.294839564e+00 2.302500000e+00 3.707804029e-06
 1.182403575e-03 2.298866671e+00 2.302500000e+00 3.283971816e-06
 1.184165445e-03 2.299103036e+00 2.302500000e+00 3.255922596e-06
 1.210593495e-03 2.302206149e+00 2.302500000e+00 2.841746380e-06
 1.212355365e-03 2.302384955e+00 2.302500000e+00 2.814681605e-06
 1.238783415e-03 2.304684256e+00 2.302500000e+00 2.419476172e-06
 1.240545285e-03 2.304813391e+00 2.302500000e+00 2.393925682e-06
 1.266973335e-03 2.306424512e+00 2.302500000e+00 2.024402732e-06
 1.268735205e-03 2.306511480e+00 2.302500000e+00 2.000736248e-06
 1.295163255e-03 2.307543316e+00 2.302500000e+00 1.661399194e-06
 1.296925125e-03 2.307595115e+00 2.302500000e+00 1.639851798e-06
 1.323353175e-03 2.308148310e+00 2.302500000e+00 1.333363653e-06
 1.325115045e-03 2.308171351e+00 2.302500000e+00 1.314059310e-06
 1.351543095e-03 2.308337354e+00 2.302500000e+00 1.041579472e-06
 1.353304965e-03 2.308337413e+00 2.302500000e+00 1.024552385e-06
 1.381494885e-03 2.308180199e+00 2.302500000e+00 7.712536147e-07
 1.383256755e-03 2.308161440e+00 2.302500000e+00 7.566048228e-07
 1.409684805e-03 2.307776171e+00 2.302500000e+00 5.531002423e-07
 1.411446675e-03 2.307744290e+00 2.302500000e+00 5.405947310e-07
 1.437874725e-03 2.307191572e+00 2.302500000e+00 3.682933848e-07
 1.439636595e-03 2.307150379e+00 2.302500000e+00 3.577993503e-07
 1.466064645e-03 2.306482870e+00 2.302500000e+00 2.145120463e-07
 1.467826515e-03 2.306435582e+00 2.302500000e+00 2.058713867e-07
 1.494254565e-03 2.305697370e+00 2.302500000e+00 8.909385124e-08
 1.496016435e-03 2.305646657e+00 2.302500000e+00 8.213241064e-08
 1.522444485e-03 2.304873955e+00 2.302500000e+00 -1.081508459e-08
 1.524206355e-03 2.304821984e+00 2.302500000e+00 -1.627911245e-08
 1.550634405e-03 2.304043882e+00 2.302500000e+00 -8.813841053e-08
 1.552396275e-03 2.303992373e+00 2.302500000e+00 -9.228774164e-08
 1.578824325e-03 2.303231621e+00 2.302500000e+00 -1.457730223e-07
 1.580586195e-03 2.303181898e+00 2.302500000e+00 -1.487860199e-07
 1.607014245e-03 2.302455692e+00 2.302500000e+00 -1.865148136e-07
 1.608776115e-03 2.302408733e+00 2.302500000e+00 -1.885615203e-07
 1.635204165e-03 2.301729475e+00 2.302500000e+00 -2.130037867e-07
 1.636966035e-03 2.301685964e+00 2.302500000e+00 -2.142430720e-07
 1.663394085e-03 2.301061991e+00 2.302500000e+00 -2.276857237e-07
 1.665155955e-03 2.301022364e+00 2.302500000e+00 -2.282633767e-07
 1.691584005e-03 2.300458622e+00 2.302500000e+00 -2.327877848e-07
 1.693345875e-03 2.300423109e+00 2.302500000e+00 -2.328353955e-07
 1.695107745e-03 2.300387857e+00 2.302500000e+00 -2.328539135e-07
 1.719773925e-03 2.299921773e+00 2.302500000e+00 -2.303056040e-07
 1.721535795e-03 2.299890440e+00 2.302500000e+00 -2.299400867e-07
 1.749725715e-03 2.299424254e+00 2.302500000e+00 -2.213233039e-07
 1.751487585e-03 2.299397289e+00 2.302500000e+00 -2.206305731e-07
 1.777915635e-03 2.299022630e+00 2.302500000e+00 -2.084998953e-07
 1.779677505e-03 2.298999604e+00 2.302500000e+00 -2.075894279e-07
 1.806105555e-03 2.298682288e+00 2.302500000e+00 -1.927632864e-07
 1.807867425e-03 2.298662959e+00 2.302500000e+00 -1.917088624e-07
 1.834295475e-03 2.298398982e+00 2.302500000e+00 -1.751990551e-07
 1.836057345e-03 2.298383061e+00 2.302500000e+00 -1.740619832e-07
 1.862485395e-03 2.298167835e+00 2.302500000e+00 -1.567012351e-07
 1.864247265e-03 2.298155002e+00 2.302500000e+00 -1.555314368e-07
 1.890675315e-03 2.297983612e+00 2.302500000e+00 -1.379902859e-07
 1.892437185e-03 2.297973533e+00 2.302500000e+00 -1.368274534e-07
 1.918865235e-03 2.297840947e+00 2.302500000e+00 -1.196318612e-07
 1.920627105e-03 2.297833288e+00 2.302500000e+00 -1.185066399e-07
 1.947055155e-03 2.297734521e+00 2.302500000e+00 -1.020556768e-07
 1.948817025e-03 2.297728954e+00 2.302500000e+00 -1.009908348e-07
 1.975245075e-03 2.297659198e+00 2.302500000e+00 -8.557393470e-08
 1.977006945e-03 2.297655410e+00 2.302500000e+00 -8.458548949e-08
 2.003434995e-03 2.297610124e+00 2.302500000e+00 -7.039889074e-08
 2.005196865e-03 2.297607824e+00 2.302500000e+00 -6.949717142e-08
 2.031624915e-03 2.297582805e+00 2.302500000e+00 -5.665927149e-08
 2.033386785e-03 2.297581724e+00 2.302500000e+00 -5.584990167e-08
 2.059814835e-03 2.297573143e+00 2.302500000e+00 -4.441534210e-08
 2.061576705e-03 2.297573039e+00 2.302500000e+00 -4.370013378e-08
 2.063338575e-03 2.297572989e+00 2.302500000e+00 -4.299079799e-08
 2.089766625e-03 2.297578126e+00 2.302500000e+00 -3.305026225e-08
 2.091528495e-03 2.297578825e+00 2.302500000e+00 -3.243373005e-08
 2.117956545e-03 2.297593771e+00 2.302500000e+00 -2.386061485e-08
 2.119718415e-03 2.297595033e+00 2.302500000e+00 -2.333325722e-08
 2.146146465e-03 2.297617186e+00 2.302500000e+00 -1.605993464e-08
 2.147908335e-03 2.297618851e+00 2.302500000e+00 -1.561646277e-08
 2.174336385e-03 2.297645990e+00 2.302500000e+00 -9.554398443e-09
 2.176098255e-03 2.297647922e+00 2.302500000e+00 -9.188380450e-09
 2.202526305e-03 2.297678183e+00 2.302500000e+00 -4.235248581e-09
 2.204288175e-03 2.297680268e+00 2.302500000e+00 -3.939542565e-09
 2.230716225e-03 2.297712118e+00 2.302500000e+00 1.486430473e-11
 2.232478095e-03 2.297714265e+00 2.302500000e+00 2.477541204e-10
 2.258906145e-03 2.297746466e+00 2.302500000e+00 3.316715320e-09
 2.260668015e-03 2.297748601e+00 2.302500000e+00 3.494352080e-09
 2.287096065e-03 2.297780184e+00 2.302500000e+00 5.790396834e-09
 2.288857935e-03 2.297782251e+00 2.302500000e+00 5.920186617e-09
 2.315285985e-03 2.297812479e+00 2.302500000e+00 7.552145425e-09
 2.317047855e-03 2.297814436e+00 2.302500000e+00 7.641167162e-09
 2.343475905e-03 2.297842774e+00 2.302500000e+00 8.711983265e-09
 2.345237775e-03 2.297844591e+00 2.302500000e+00 8.766865749e-09
 2.371665825e-03 2.297870677e+00 2.302500000e+00 9.372057832e-09
 2.373427695e-03 2.297872335e+00 2.302500000e+00 9.398896534e-09
 2.399855745e-03 2.297895948e+00 2.302500000e+00 9.625569922e-09
 2.401617615e-03 2.297897437e+00 2.302500000e+00 9.629877198e-09
 2.406903225e-03 2.297901839e+00 2.302500000e+00 9.635441110e-09
 2.428045665e-03 2.297918474e+00 2.302500000e+00 9.556188584e-09
 2.429807535e-03 2.297919790e+00 2.302500000e+00 9.542871069e-09
 2.457997455e-03 2.297939390e+00 2.302500000e+00 9.211218348e-09
 2.459759325e-03 2.297940525e+00 2.302500000e+00 9.183872637e-09
 2.486187375e-03 2.297956308e+00 2.302500000e+00 8.698674111e-09
 2.487949245e-03 2.297957279e+00 2.302500000e+00 8.661926635e-09
 2.514377295e-03 2.297970673e+00 2.302500000e+00 8.059781001e-09
 2.516139165e-03 2.297971490e+00 2.302500000e+00 8.016746493e-09
 2.542567215e-03 2.297982658e+00 2.302500000e+00 7.340413894e-09
 2.544329085e-03 2.297983332e+00 2.302500000e+00 7.293686397e-09
 2.570757135e-03 2.297992460e+00 2.302500000e+00 6.578443049e-09
 2.572519005e-03 2.297993005e+00 2.302500000e+00 6.530140227e-09
 2.598947055e-03 2.298000297e+00 2.302500000e+00 5.804470985e-09
 2.600708925e-03 2.298000726e+00 2.302500000e+00 5.756281764e-09
 2.627136975e-03 2.298006388e+00 2.302500000e+00 5.042606282e-09
 2.628898845e-03 2.298006716e+00 2.302500000e+00 4.995839692e-09
 2.655326895e-03 2.298010956e+00 2.302500000e+00 4.311244523e-09
 2.657088765e-03 2.298011195e+00 2.302500000e+00 4.266878210e-09
 2.683516815e-03 2.298014212e+00 2.302500000e+00 3.623833300e-09
 2.685278685e-03 2.298014377e+00 2.302500000e+00 3.582560364e-09
 2.711706735e-03 2.298016360e+00 2.302500000e+00 2.989603535e-09
 2.713468605e-03 2.298016462e+00 2.302500000e+00 2.951876829e-09
 2.739896655e-03 2.298017587e+00 2.302500000e+00 2.414254476e-09
 2.741658525e-03 2.298017638e+00 2.302500000e+00 2.380327630e-09
 2.768086575e-03 2.298018065e+00 2.302500000e+00 1.900583643e-09
 2.769848445e-03 2.298018074e+00 2.302500000e+00 1.870548501e-09
 2.775134055e-03 2.298018086e+00 2.302500000e+00 1.781901451e-09
 2.798038365e-03 2.298017924e+00 2.302500000e+00 1.422876802e-09
 2.799800235e-03 2.298017898e+00 2.302500000e+00 1.396934300e-09
 2.826228285e-03 2.298017323e+00 2.302500000e+00 1.035854871e-09
 2.827990155e-03 2.298017273e+00 2.302500000e+00 1.013621511e-09
 2.854418205e-03 2.298016387e+00 2.302500000e+00 7.066707865e-10
 2.856180075e-03 2.298016320e+00 2.302500000e+00 6.879348436e-10
 2.882608125e-03 2.298015218e+00 2.302500000e+00 4.315382892e-10
 2.884369995e-03 2.298015139e+00 2.302500000e+00 4.160384298e-10
 2.910798045e-03 2.298013899e+00 2.302500000e+00 2.060190251e-10
 2.912559915e-03 2.298013814e+00 2.302500000e+00 1.934625931e-10
 2.938987965e-03 2.298012502e+00 2.302500000e+00 2.529082909e-11
 2.940749835e-03 2.298012413e+00 2.302500000e+00 1.536895230e-11
 2.967177885e-03 2.298011081e+00 2.302500000e+00 -1.156330798e-10
 2.968939755e-03 2.298010993e+00 2.302500000e+00 -1.232333365e-10
 2.995367805e-03 2.298009682e+00 2.302500000e+00 -2.217293208e-10
 2.997129675e-03 2.298009596e+00 2.302500000e+00 -2.273153720e-10
 3.023557725e-03 2.298008338e+00 2.302500000e+00 -2.978288088e-10
 3.025319595e-03 2.298008257e+00 2.302500000e+00 -3.016952648e-10
 3.051747645e-03 2.298007075e+00 2.302500000e+00 -3.485154679e-10
 3.053509515e-03 2.298006999e+00 2.302500000e+00 -3.509388414e-10
 3.079937565e-03 2.298005908e+00 2.302500000e+00 -3.780544166e-10
 3.081699435e-03 2.298005839e+00 2.302500000e+00 -3.792895050e-10
 3.108127485e-03 2.298004850e+00 2.302500000e+00 -3.903449893e-10
 3.109889355e-03 2.298004788e+00 2.302500000e+00 -3.906226489e-10
 3.118698705e-03 2.298004483e+00 2.302500000e+00 -3.912357108e-10
 3.136317405e-03 2.298003905e+00 2.302500000e+00 -3.888943090e-10
 3.138079275e-03 2.298003850e+00 2.302500000e+00 -3.884204233e-10
 3.166269195e-03 2.298003026e+00 2.302500000e+00 -3.757630396e-10
 3.168031065e-03 2.298002979e+00 2.302500000e+00 -3.746881368e-10
 3.194459115e-03 2.298002314e+00 2.302500000e+00 -3.553331478e-10
 3.196220985e-03 2.298002273e+00 2.302500000e+00 -3.538526833e-10
 3.222649035e-03 2.298001708e+00 2.302500000e+00 -3.294302022e-10
 3.224410905e-03 2.298001673e+00 2.302500000e+00 -3.276756371e-10
 3.250838955e-03 2.298001201e+00 2.302500000e+00 -2.999923048e-10
 3.252600825e-03 2.298001172e+00 2.302500000e+00 -2.980733690e-10
 3.279028875e-03 2.298000785e+00 2.302500000e+00 -2.686231251e-10
 3.280790745e-03 2.298000762e+00 2.302500000e+00 -2.666296126e-10
 3.307218795e-03 2.298000452e+00 2.302500000e+00 -2.366220606e-10
 3.308980665e-03 2.298000434e+00 2.302500000e+00 -2.346258212e-10
 3.335408715e-03 2.298000192e+00 2.302500000e+00 -2.050162042e-10
 3.337170585e-03 2.298000178e+00 2.302500000e+00 -2.030731070e-10
 3.363598635e-03 2.297999996e+00 2.302500000e+00 -1.745925662e-10
 3.365360505e-03 2.297999986e+00 2.302500000e+00 -1.727445651e-10
 3.391788555e-03 2.297999856e+00 2.302500000e+00 -1.459298825e-10
 3.393550425e-03 2.297999848e+00 2.302500000e+00 -1.442069260e-10
 3.419978475e-03 2.297999762e+00 2.302500000e+00 -1.194290192e-10
 3.421740345e-03 2.297999757e+00 2.302500000e+00 -1.178509484e-10
 3.448168395e-03 2.297999707e+00 2.302500000e+00 -9.534158039e-11
 3.449930265e-03 2.297999704e+00 2.302500000e+00 -9.391976800e-11
 3.476358315e-03 2.297999684e+00 2.302500000e+00 -7.379621392e-11
 3.478120185e-03 2.297999683e+00 2.302500000e+00 -7.253516738e-11
 3.486929535e-03 2.297999682e+00 2.302500000e+00 -6.638079412e-11
 3.506310105e-03 2.297999687e+00 2.302500000e+00 -5.372125181e-11
 3.508071975e-03 2.297999688e+00 2.302500000e+00 -5.262988093e-11
 3.534500025e-03 2.297999710e+00 2.302500000e+00 -3.742555855e-11
 3.536261895e-03 2.297999712e+00 2.302500000e+00 -3.648841804e-11
 3.562689945e-03 2.297999747e+00 2.302500000e+00 -2.353760443e-11
 3.564451815e-03 2.297999750e+00 2.302500000e+00 -2.274624065e-11
 3.590879865e-03 2.297999794e+00 2.302500000e+00 -1.190487062e-11
 3.592641735e-03 2.297999798e+00 2.302500000e+00 -1.124868788e-11
 3.619069785e-03 2.297999848e+00 2.302500000e+00 -2.346417150e-12
 3.620831655e-03 2.297999852e+00 2.302500000e+00 -1.813426277e-12
 3.647259705e-03 2.297999906e+00 2.302500000e+00 5.335775093e-12
 3.649021575e-03 2.297999909e+00 2.302500000e+00 5.758295861e-12
 3.675449625e-03 2.297999965e+00 2.302500000e+00 1.134750482e-11
 3.677211495e-03 2.297999968e+00 2.302500000e+00 1.167249721e-11
 3.703639545e-03 2.298000023e+00 2.302500000e+00 1.589492351e-11
 3.705401415e-03 2.298000026e+00 2.302500000e+00 1.613514080e-11
 3.731829465e-03 2.298000078e+00 2.302500000e+00 1.917874103e-11
 3.733591335e-03 2.298000082e+00 2.302500000e+00 1.934644772e-11
 3.760019385e-03 2.298000131e+00 2.302500000e+00 2.138989923e-11
 3.761781255e-03 2.298000134e+00 2.302500000e+00 2.149662248e-11
 3.788209305e-03 2.298000180e+00 2.302500000e+00 2.270643278e-11
 3.789971175e-03 2.298000183e+00 2.302500000e+00 2.276281796e-11
 3.816399225e-03 2.298000224e+00 2.302500000e+00 2.329144330e-11
 3.818161095e-03 2.298000227e+00 2.302500000e+00 2.330716142e-11
 3.830494185e-03 2.298000245e+00 2.302500000e+00 2.335620441e-11
 3.844589145e-03 2.298000264e+00 2.302500000e+00 2.329190890e-11
 3.846351015e-03 2.298000266e+00 2.302500000e+00 2.327559347e-11
 3.874540935e-03 2.298000301e+00 2.302500000e+00 2.279745955e-11
 3.876302805e-03 2.298000303e+00 2.302500000e+00 2.275541124e-11
 3.902730855e-03 2.298000331e+00 2.302500000e+00 2.198560799e-11
 3.904492725e-03 2.298000333e+00 2.302500000e+00 2.192607686e-11
 3.930920775e-03 2.298000356e+00 2.302500000e+00 2.093695974e-11
 3.932682645e-03 2.298000358e+00 2.302500000e+00 2.086549385e-11
 3.959110695e-03 2.298000378e+00 2.302500000e+00 1.973336391e-11
 3.960872565e-03 2.298000379e+00 2.302500000e+00 1.965461954e-11
 3.987300615e-03 2.298000395e+00 2.302500000e+00 1.844272326e-11
 3.989062485e-03 2.298000396e+00 2.302500000e+00 1.836049098e-11
 4.015490535e-03 2.298000410e+00 2.302500000e+00 1.712018562e-11
 4.017252405e-03 2.298000410e+00 2.302500000e+00 1.703753271e-11
 4.043680455e-03 2.298000421e+00 2.302500000e+00 1.580949532e-11
 4.045442325e-03 2.298000421e+00 2.302500000e+00 1.572879182e-11
 4.071870375e-03 2.298000429e+00 2.302500000e+00 1.454429293e-11
 4.073632245e-03 2.298000429e+00 2.302500000e+00 1.446734393e-11
 4.100060295e-03 2.298000435e+00 2.302500000e+00 1.334947507e-11
 4.101822165e-03 2.298000435e+00 2.302500000e+00 1.327757106e-11
 4.128250215e-03 2.298000439e+00 2.302500000e+00 1.224242590e-11
 4.130012085e-03 2.298000439e+00 2.302500000e+00 1.217642925e-11
 4.156440135e-03 2.298000442e+00 2.302500000e+00 1.123420753e-11
 4.158202005e-03 2.298000442e+00 2.302500000e+00 1.117463782e-11
 4.182868185e-03 2.298000443e+00 2.302500000e+00 1.038406160e-11
 4.184630055e-03 2.298000443e+00 2.302500000e+00 1.033071053e-11
 4.186391925e-03 2.298000443e+00 2.302500000e+00 1.027777218e-11
 4.188153795e-03 2.298000443e+00 2.302500000e+00 1.022525475e-11
 4.214581845e-03 2.298000443e+00 2.302500000e+00 9.487275625e-12
 4.216343715e-03 2.298000443e+00 2.302500000e+00 9.441370679e-12
 4.242771765e-03 2.298000442e+00 2.302500000e+00 8.801292133e-12
 4.244533635e-03 2.298000442e+00 2.302500000e+00 8.761800667e-12
 4.270961685e-03 2.298000440e+00 2.302500000e+00 8.215521673e-12
 4.272723555e-03 2.298000440e+00 2.302500000e+00 8.182102989e-12
 4.299151605e-03 2.298000438e+00 2.302500000e+00 7.723813332e-12
 4.300913475e-03 2.298000438e+00 2.302500000e+00 7.696039161e-12
 4.327341525e-03 2.298000436e+00 2.302500000e+00 7.318811883e-12
 4.329103395e-03 2.298000436e+00 2.302500000e+00 7.296193032e-12
 4.355531445e-03 2.298000434e+00 2.302500000e+00 6.992383971e-12
 4.357293315e-03 2.298000434e+00 2.302500000e+00 6.974396970e-12
 4.383721365e-03 2.298000431e+00 2.302500000e+00 6.736051516e-12
 4.385483235e-03 2.298000431e+00 2.302500000e+00 6.722163597e-12
 4.411911285e-03 2.298000429e+00 2.302500000e+00 6.541269547e-12
 4.413673155e-03 2.298000429e+00 2.302500000e+00 6.530947110e-12
 4.440101205e-03 2.298000427e+00 2.302500000e+00 6.399702928e-12
 4.441863075e-03 2.298000427e+00 2.302500000e+00 6.392436518e-12
 4.468291125e-03 2.298000425e+00 2.302500000e+00 6.303401905e-12
 4.470052995e-03 2.298000424e+00 2.302500000e+00 6.298718290e-12
 4.496481045e-03 2.298000422e+00 2.302500000e+00 6.244931732e-12
 4.498242915e-03 2.298000422e+00 2.302500000e+00 6.242380023e-12
 4.524670965e-03 2.298000421e+00 2.302500000e+00 6.217483688e-12
 4.526432835e-03 2.298000421e+00 2.302500000e+00 6.216657543e-12
 4.542289665e-03 2.298000420e+00 2.302500000e+00 6.213314939e-12
 4.552860885e-03 2.298000419e+00 2.302500000e+00 6.214891734e-12
 4.554622755e-03 2.298000419e+00 2.302500000e+00 6.215423253e-12
 4.582812675e-03 2.298000417e+00 2.302500000e+00 6.233263843e-12
 4.584574545e-03 2.298000417e+00 2.302500000e+00 6.234897259e-12
 4.611002595e-03 2.298000416e+00 2.302500000e+00 6.265415208e-12
 4.612764465e-03 2.298000416e+00 2.302500000e+00 6.267800383e-12
 4.637430645e-03 2.298000415e+00 2.302500000e+00 6.304916388e-12
 4.639192515e-03 2.298000415e+00 2.302500000e+00 6.307797000e-12
 4.640954385e-03 2.298000415e+00 2.302500000e+00 6.310703842e-12
 4.667382435e-03 2.298000414e+00 2.302500000e+00 6.356959758e-12
 4.669144305e-03 2.298000414e+00 2.302500000e+00 6.360186621e-12
 4.693810485e-03 2.298000413e+00 2.302500000e+00 6.406642377e-12
 4.695572355e-03 2.298000413e+00 2.302500000e+00 6.410028834e-12
 4.697334225e-03 2.298000413e+00 2.302500000e+00 6.413415709e-12
 4.722000405e-03 2.298000413e+00 2.302500000e+00 6.461240647e-12
 4.723762275e-03 2.298000413e+00 2.302500000e+00 6.464664714e-12
 4.725524145e-03 2.298000413e+00 2.302500000e+00 6.468085033e-12
 4.751952195e-03 2.298000412e+00 2.302500000e+00 6.518994171e-12
 4.753714065e-03 2.298000412e+00 2.302500000e+00 6.522347461e-12
 4.773094635e-03 2.298000412e+00 2.302500000e+00 6.558667575e-12
 4.780142115e-03 2.298000412e+00 2.302500000e+00 6.571596816e-12
 4.781903985e-03 2.298000412e+00 2.302500000e+00 6.574798144e-12
 4.803046425e-03 2.298000412e+00 2.302500000e+00 6.612302588e-12
 4.808332035e-03 2.298000412e+00 2.302500000e+00 6.621388237e-12
 4.810093905e-03 2.298000412e+00 2.302500000e+00 6.624389308e-12
 4.832998215e-03 2.298000411e+00 2.302500000e+00 6.662058898e-12
 4.836521955e-03 2.298000411e+00 2.302500000e+00 6.667622503e-12
 4.838283825e-03 2.298000411e+00 2.302500000e+00 6.670380436e-12
 4.855902525e-03 2.298000411e+00 2.302500000e+00 6.697081855e-12
 4.864711875e-03 2.298000411e+00 2.302500000e+00 6.709808758e-12
 4.866473745e-03 2.298000411e+00 2.302500000e+00 6.712305372e-12
 4.892901795e-03 2.298000411e+00 2.302500000e+00 6.747690261e-12
 4.894663665e-03 2.298000411e+00 2.302500000e+00 6.749911123e-12
 4.922853585e-03 2.298000411e+00 2.302500000e+00 6.783123584e-12
 4.924615455e-03 2.298000411e+00 2.302500000e+00 6.785052597e-12
 4.951043505e-03 2.298000411e+00 2.302500000e+00 6.811991603e-12
 4.952805375e-03 2.298000411e+00 2.302500000e+00 6.813656799e-12
 4.977471555e-03 2.298000411e+00 2.302500000e+00 6.835266874e-12
 4.979233425e-03 2.298000411e+00 2.302500000e+00 6.836691429e-12
 4.980995295e-03 2.298000411e+00 2.302500000e+00 6.838102938e-12
 5.007423345e-03 2.298000411e+00 2.302500000e+00 6.857469669e-12
 5.009185215e-03 2.298000411e+00 2.302500000e+00 6.858645950e-12
 5.014470825e-03 2.298000412e+00 2.302500000e+00 6.862087087e-12
 5.035613265e-03 2.298000412e+00 2.302500000e+00 6.874624141e-12
 5.037375135e-03 2.298000412e+00 2.302500000e+00 6.875583235e-12
 5.044422615e-03 2.298000412e+00 2.302500000e+00 6.879296515e-12
 5.063803185e-03 2.298000412e+00 2.302500000e+00 6.888493325e-12
 5.065565055e-03 2.298000412e+00 2.302500000e+00 6.889256187e-12
 5.072612535e-03 2.298000412e+00 2.302500000e+00 6.892206882e-12
 5.091993105e-03 2.298000412e+00 2.302500000e+00 6.899419307e-12
 5.093754975e-03 2.298000412e+00 2.302500000e+00 6.900010501e-12
 5.100802455e-03 2.298000412e+00 2.302500000e+00 6.902282850e-12
 5.120183025e-03 2.298000412e+00 2.302500000e+00 6.907754584e-12
 5.121944895e-03 2.298000412e+00 2.302500000e+00 6.908199367e-12
 5.128992375e-03 2.298000412e+00 2.302500000e+00 6.909884269e-12
 5.148372945e-03 2.298000412e+00 2.302500000e+00 6.913852623e-12
 5.150134815e-03 2.298000412e+00 2.302500000e+00 6.914167926e-12
 5.158944165e-03 2.298000412e+00 2.302500000e+00 6.915632727e-12
 5.176562865e-03 2.298000412e+00 2.302500000e+00 6.918038857e-12
 5.178324735e-03 2.298000412e+00 2.302500000e+00 6.918246886e-12
 5.190657825e-03 2.298000412e+00 2.302500000e+00 6.919513650e-12
 5.204752785e-03 2.298000412e+00 2.302500000e+00 6.920627065e-12
 5.206514655e-03 2.298000412e+00 2.302500000e+00 6.920743499e-12
 5.225895225e-03 2.298000412e+00 2.302500000e+00 6.921690659e-12
 5.232942705e-03 2.298000412e+00 2.302500000e+00 6.921902572e-12
 5.234704575e-03 2.298000412e+00 2.302500000e+00 6.921943928e-12
 5.250561405e-03 2.298000412e+00 2.302500000e+00 6.922147793e-12
 5.262894495e-03 2.298000412e+00 2.302500000e+00 6.922102551e-12
 5.266418235e-03 2.298000412e+00 2.302500000e+00 6.922058836e-12
 5.291084415e-03 2.298000412e+00 2.302500000e+00 6.921451267e-12
 5.292846285e-03 2.298000412e+00 2.302500000e+00 6.921388262e-12
 5.315750595e-03 2.298000412e+00 2.302500000e+00 6.920364636e-12
 5.319274335e-03 2.298000412e+00 2.302500000e+00 6.920179645e-12
 5.321036205e-03 2.298000412e+00 2.302500000e+00 6.920080974e-12
 5.347464255e-03 2.298000412e+00 2.302500000e+00 6.918465599e-12
 5.349226125e-03 2.298000412e+00 2.302500000e+00 6.918353606e-12
 5.375654175e-03 2.298000412e+00 2.302500000e+00 6.916459288e-12
 5.377416045e-03 2.298000412e+00 2.302500000e+00 6.916329392e-12
 5.382701655e-03 2.298000413e+00 2.302500000e+00 6.915926936e-12
 5.403844095e-03 2.298000413e+00 2.302500000e+00 6.914280475e-12
 5.405605965e-03 2.298000413e+00 2.302500000e+00 6.914138366e-12
 5.432034015e-03 2.298000413e+00 2.302500000e+00 6.912026028e-12
 5.433795885e-03 2.298000413e+00 2.302500000e+00 6.911885308e-12
 5.460223935e-03 2.298000413e+00 2.302500000e+00 6.909773941e-12
 5.461985805e-03 2.298000413e+00 2.302500000e+00 6.909637383e-12
 5.488413855e-03 2.298000413e+00 2.302500000e+00 6.907591243e-12
 5.490175725e-03 2.298000413e+00 2.302500000e+00 6.907454824e-12
 5.516603775e-03 2.298000413e+00 2.302500000e+00 6.905511933e-12
 5.518365645e-03 2.298000413e+00 2.302500000e+00 6.905392168e-12
 5.530698735e-03 2.298000413e+00 2.302500000e+00 6.904531190e-12
 5.544793695e-03 2.298000413e+00 2.302500000e+00 6.903589305e-12
 5.546555565e-03 2.298000413e+00 2.302500000e+00 6.903463572e-12
 5.572983615e-03 2.298000413e+00 2.302500000e+00 6.901820581e-12
 5.574745485e-03 2.298000413e+00 2.302500000e+00 6.901714693e-12
 5.601173535e-03 2.298000413e+00 2.302500000e+00 6.900230603e-12
 5.602935405e-03 2.298000413e+00 2.302500000e+00 6.900136511e-12
 5.631125325e-03 2.298000413e+00 2.302500000e+00 6.898743320e-12
 5.632887195e-03 2.298000413e+00 2.302500000e+00 6.898663523e-12
 5.659315245e-03 2.298000413e+00 2.302500000e+00 6.897525960e-12
 5.661077115e-03 2.298000413e+00 2.302500000e+00 6.897456433e-12
 5.687505165e-03 2.298000413e+00 2.302500000e+00 6.896487208e-12
 5.689267035e-03 2.298000413e+00 2.302500000e+00 6.896424897e-12
 5.715695085e-03 2.298000413e+00 2.302500000e+00 6.895609022e-12
 5.717456955e-03 2.298000413e+00 2.302500000e+00 6.895558229e-12
 5.743885005e-03 2.298000413e+00 2.302500000e+00 6.894883907e-12
 5.745646875e-03 2.298000413e+00 2.302500000e+00 6.894838388e-12
 5.752694355e-03 2.298000413e+00 2.302500000e+00 6.894684484e-12
 5.772074925e-03 2.298000413e+00 2.302500000e+00 6.894292991e-12
 5.773836795e-03 2.298000413e+00 2.302500000e+00 6.894262737e-12
 5.800264845e-03 2.298000413e+00 2.302500000e+00 6.893831277e-12
 5.802026715e-03 2.298000413e+00 2.302500000e+00 6.893805326e-12
 5.828454765e-03 2.298000413e+00 2.302500000e+00 6.893471842e-12
 5.830216635e-03 2.298000413e+00 2.302500000e+00 6.893449499e-12
 5.856644685e-03 2.298000413e+00 2.302500000e+00 6.893209691e-12
 5.858406555e-03 2.298000413e+00 2.302500000e+00 6.893196785e-12
 5.884834605e-03 2.298000413e+00 2.302500000e+00 6.893030945e-12
 5.886596475e-03 2.298000413e+00 2.302500000e+00 6.893018733e-12
 5.913024525e-03 2.298000413e+00 2.302500000e+00 6.892911735e-12
 5.914786395e-03 2.298000413e+00 2.302500000e+00 6.892909237e-12
 5.939452575e-03 2.298000413e+00 2.302500000e+00 6.892855391e-12
 5.942976315e-03 2.298000413e+00 2.302500000e+00 6.892850534e-12
 5.958833145e-03 2.298000413e+00 2.302500000e+00 6.892839848e-12
 5.971166235e-03 2.298000413e+00 2.302500000e+00 6.892840403e-12
 5.999356155e-03 2.298000413e+00 2.302500000e+00 6.892864550e-12
 6.001118025e-03 2.298000413e+00 2.302500000e+00 6.892867326e-12
 6.027546075e-03 2.298000413e+00 2.302500000e+00 6.892913955e-12
 6.029307945e-03 2.298000413e+00 2.302500000e+00 6.892920062e-12
 6.055735995e-03 2.298000413e+00 2.302500000e+00 6.892982650e-12
 6.057497865e-03 2.298000413e+00 2.302500000e+00 6.892989173e-12
 6.082164045e-03 2.298000413e+00 2.302500000e+00 6.893064807e-12
 6.085687785e-03 2.298000413e+00 2.302500000e+00 6.893072440e-12
 6.112115835e-03 2.298000413e+00 2.302500000e+00 6.893153625e-12
 6.113877705e-03 2.298000413e+00 2.302500000e+00 6.893162645e-12
 6.140305755e-03 2.298000413e+00 2.302500000e+00 6.893248826e-12
 6.142067625e-03 2.298000413e+00 2.302500000e+00 6.893253128e-12
 6.168495675e-03 2.298000413e+00 2.302500000e+00 6.893341946e-12
 6.170257545e-03 2.298000413e+00 2.302500000e+00 6.893348330e-12
 6.194923725e-03 2.298000413e+00 2.302500000e+00 6.893428682e-12
 6.198447465e-03 2.298000413e+00 2.302500000e+00 6.893434928e-12
 6.224875515e-03 2.298000413e+00 2.302500000e+00 6.893520415e-12
 6.226637385e-03 2.298000413e+00 2.302500000e+00 6.893520831e-12
 6.253065435e-03 2.298000413e+00 2.302500000e+00 6.893600767e-12
 6.254827305e-03 2.298000413e+00 2.302500000e+00 6.893605486e-12
 6.281255355e-03 2.298000413e+00 2.302500000e+00 6.893671544e-12
 6.283017225e-03 2.298000413e+00 2.302500000e+00 6.893678066e-12
 6.309445275e-03 2.298000413e+00 2.302500000e+00 6.893737463e-12
 6.311207145e-03 2.298000413e+00 2.302500000e+00 6.893741765e-12
 6.339397065e-03 2.298000413e+00 2.302500000e+00 6.893802134e-12
 6.341158935e-03 2.298000413e+00 2.302500000e+00 6.893804632e-12
 6.367586985e-03 2.298000413e+00 2.302500000e+00 6.893854453e-12
 6.369348855e-03 2.298000413e+00 2.302500000e+00 6.893853620e-12
 6.395776905e-03 2.298000413e+00 2.302500000e+00 6.893899972e-12
 6.397538775e-03 2.298000413e+00 2.302500000e+00 6.893904274e-12
 6.399300645e-03 2.298000413e+00 2.302500000e+00 6.893899139e-12
 6.420443085e-03 2.298000413e+00 2.302500000e+00 6.893931197e-12
 6.425728695e-03 2.298000413e+00 2.302500000e+00 6.893932862e-12
 6.452156745e-03 2.298000413e+00 2.302500000e+00 6.893964365e-12
 6.453918615e-03 2.298000413e+00 2.302500000e+00 6.893965337e-12
 6.475061055e-03 2.298000413e+00 2.302500000e+00 6.893988512e-12
 6.482108535e-03 2.298000413e+00 2.302500000e+00 6.893990455e-12
 6.508536585e-03 2.298000413e+00 2.302500000e+00 6.894007941e-12
 6.510298455e-03 2.298000413e+00 2.302500000e+00 6.894010439e-12
 6.512060325e-03 2.298000413e+00 2.302500000e+00 6.894007941e-12
 6.536726505e-03 2.298000413e+00 2.302500000e+00 6.894024178e-12
 6.538488375e-03 2.298000413e+00 2.302500000e+00 6.894023623e-12
 6.563154555e-03 2.298000413e+00 2.302500000e+00 6.894036530e-12
 6.566678295e-03 2.298000413e+00 2.302500000e+00 6.894037362e-12
 6.571963905e-03 2.298000413e+00 2.302500000e+00 6.894035281e-12
 6.591344475e-03 2.298000413e+00 2.302500000e+00 6.894043607e-12
 6.594868215e-03 2.298000413e+00 2.302500000e+00 6.894039999e-12
 6.600153825e-03 2.298000413e+00 2.302500000e+00 6.894050685e-12
 6.623058135e-03 2.298000413e+00 2.302500000e+00 6.894050685e-12
 6.647724315e-03 2.298000413e+00 2.302500000e+00 6.894055126e-12
 6.649486185e-03 2.298000413e+00 2.302500000e+00 6.894048048e-12
 6.651248055e-03 2.298000413e+00 2.302500000e+00 6.894050407e-12
 6.658295535e-03 2.298000413e+00 2.302500000e+00 6.894054293e-12
 6.661819275e-03 2.298000413e+00 2.302500000e+00 6.894048048e-12
 6.679437975e-03 2.298000413e+00 2.302500000e+00 6.894053322e-12
 6.691771065e-03 2.298000413e+00 2.302500000e+00 6.894048465e-12
 6.695294805e-03 2.298000413e+00 2.302500000e+00 6.894055542e-12
 6.709389765e-03 2.298000413e+00 2.302500000e+00 6.894055403e-12
 6.714675375e-03 2.298000413e+00 2.302500000e+00 6.894047771e-12
 6.737579685e-03 2.298000413e+00 2.302500000e+00 6.894046105e-12
 6.742865295e-03 2.298000413e+00 2.302500000e+00 6.894043330e-12
 6.753436515e-03 2.298000413e+00 2.302500000e+00 6.894051101e-12
 6.765769605e-03 2.298000413e+00 2.302500000e+00 6.894044162e-12
 6.771055215e-03 2.298000413e+00 2.302500000e+00 6.894043746e-12
 6.774578955e-03 2.298000413e+00 2.302500000e+00 6.894051101e-12
 6.793959525e-03 2.298000413e+00 2.302500000e+00 6.894044301e-12
 6.795721395e-03 2.298000413e+00 2.302500000e+00 6.894049436e-12
 6.820387575e-03 2.298000413e+00 2.302500000e+00 6.894040277e-12
 6.822149445e-03 2.298000413e+00 2.302500000e+00 6.894046383e-12
 6.845053755e-03 2.298000413e+00 2.302500000e+00 6.894035697e-12
 6.850339365e-03 2.298000413e+00 2.302500000e+00 6.894039028e-12
 6.876767415e-03 2.298000413e+00 2.302500000e+00 6.894030978e-12
 6.878529285e-03 2.298000413e+00 2.302500000e+00 6.894032505e-12
 6.890862375e-03 2.298000413e+00 2.302500000e+00 6.894026121e-12
 6.896147985e-03 2.298000413e+00 2.302500000e+00 6.894033338e-12
 6.906719205e-03 2.298000413e+00 2.302500000e+00 6.894031811e-12
 6.910242945e-03 2.298000413e+00 2.302500000e+00 6.894031950e-12
 6.913766685e-03 2.298000413e+00 2.302500000e+00 6.894025705e-12
 6.934909125e-03 2.298000413e+00 2.302500000e+00 6.894025844e-12
 6.941956605e-03 2.298000413e+00 2.302500000e+00 6.894027925e-12
 6.949004085e-03 2.298000413e+00 2.302500000e+00 6.894021125e-12
 6.963099045e-03 2.298000413e+00 2.302500000e+00 6.894022791e-12
 6.964860915e-03 2.298000413e+00 2.302500000e+00 6.894017378e-12
 6.978955875e-03 2.298000413e+00 2.302500000e+00 6.894024456e-12
 6.991288965e-03 2.298000413e+00 2.302500000e+00 6.894018488e-12
 6.998336445e-03 2.298000413e+00 2.302500000e+00 6.894019876e-12
 7.007145795e-03 2.298000413e+00 2.302500000e+00 6.894013354e-12
 7.019478885e-03 2.298000413e+00 2.302500000e+00 6.894014325e-12
 7.031811975e-03 2.298000413e+00 2.302500000e+00 6.894009884e-12
 7.045807532e-03 2.298000413e+00 2.302500000e+00 6.894023207e-12
 7.047470000e-03 2.298000413e+00 2.302500000e+00 6.894019737e-12
