 frequency         v(n_filt_out)     v(n_filt_out)    
 9.9366300000e-01  9.9999643185e-01 -1.4151181808e-03 
 1.0405177777e+00  9.9999633386e-01 -1.4818460793e-03 
 1.0895819263e+00  9.9999622642e-01 -1.5517204370e-03 
 1.1409596257e+00  9.9999610860e-01 -1.6248896210e-03 
 1.1947599681e+00  9.9999597941e-01 -1.7015089938e-03 
 1.2510971897e+00  9.9999583775e-01 -1.7817412442e-03 
 1.3100909137e+00  9.9999568242e-01 -1.8657567322e-03 
 1.3718664034e+00  9.9999551209e-01 -1.9537338509e-03 
 1.4365548293e+00  9.9999532532e-01 -2.0458594051e-03 
 1.5042935467e+00  9.9999512052e-01 -2.1423290085e-03 
 1.5752263878e+00  9.9999489595e-01 -2.2433474981e-03 
 1.6495039670e+00  9.9999464970e-01 -2.3491293701e-03 
 1.7272840008e+00  9.9999437968e-01 -2.4598992347e-03 
 1.8087316423e+00  9.9999408360e-01 -2.5758922933e-03 
 1.8940198325e+00  9.9999375893e-01 -2.6973548380e-03 
 1.9833296671e+00  9.9999340293e-01 -2.8245447740e-03 
 2.0768507810e+00  9.9999301256e-01 -2.9577321680e-03 
 2.1747817512e+00  9.9999258450e-01 -3.0971998210e-03 
 2.2773305182e+00  9.9999211513e-01 -3.2432438690e-03 
 2.3847148277e+00  9.9999160044e-01 -3.3961744119e-03 
 2.4971626929e+00  9.9999103608e-01 -3.5563161717e-03 
 2.6149128786e+00  9.9999041723e-01 -3.7240091820e-03 
 2.7382154083e+00  9.9998973865e-01 -3.8996095103e-03 
 2.8673320949e+00  9.9998899455e-01 -4.0834900136e-03 
 3.0025370968e+00  9.9998817864e-01 -4.2760411302e-03 
 3.1441175000e+00  9.9998728395e-01 -4.4776717087e-03 
 3.2923739274e+00  9.9998630291e-01 -4.6888098763e-03 
 3.4476211776e+00  9.9998522716e-01 -4.9099039475e-03 
 3.6101888930e+00  9.9998404756e-01 -5.1414233760e-03 
 3.7804222598e+00  9.9998275409e-01 -5.3838597517e-03 
 3.9586827410e+00  9.9998133576e-01 -5.6377278440e-03 
 4.1453488438e+00  9.9997978052e-01 -5.9035666952e-03 
 4.3408169235e+00  9.9997807514e-01 -6.1819407646e-03 
 4.5455020249e+00  9.9997620513e-01 -6.4734411271e-03 
 4.7598387636e+00  9.9997415461e-01 -6.7786867281e-03 
 4.9842822490e+00  9.9997190613e-01 -7.0983256975e-03 
 5.2193090505e+00  9.9996944060e-01 -7.4330367257e-03 
 5.4654182094e+00  9.9996673706e-01 -7.7835305046e-03 
 5.7231322987e+00  9.9996377252e-01 -8.1505512363e-03 
 5.9929985325e+00  9.9996052180e-01 -8.5348782130e-03 
 6.2755899280e+00  9.9995695726e-01 -8.9373274713e-03 
 6.5715065223e+00  9.9995304861e-01 -9.3587535249e-03 
 6.8813766464e+00  9.9994876262e-01 -9.8000511780e-03 
 7.2058582592e+00  9.9994406287e-01 -1.0262157425e-02 
 7.5456403450e+00  9.9993890940e-01 -1.0746053441e-02 
 7.9014443759e+00  9.9993325840e-01 -1.1252766661e-02 
 8.2740258443e+00  9.9992706184e-01 -1.1783372964e-02 
 8.6641758664e+00  9.9992026704e-01 -1.2338998955e-02 
 9.0727228626e+00  9.9991281624e-01 -1.2920824357e-02 
 9.5005343165e+00  9.9990464609e-01 -1.3530084515e-02 
 9.9485186162e+00  9.9989568713e-01 -1.4168073015e-02 
 1.0417626984e+01  9.9988586319e-01 -1.4836144434e-02 
 1.0908855495e+01  9.9987509074e-01 -1.5535717209e-02 
 1.1423247194e+01  9.9986327817e-01 -1.6268276651e-02 
 1.1961894309e+01  9.9985032502e-01 -1.7035378096e-02 
 1.2525940568e+01  9.9983612115e-01 -1.7838650203e-02 
 1.3116583634e+01  9.9982054575e-01 -1.8679798408e-02 
 1.3735077640e+01  9.9980346634e-01 -1.9560608546e-02 
 1.4382735860e+01  9.9978473762e-01 -2.0482950635e-02 
 1.5060933489e+01  9.9976420027e-01 -2.1448782844e-02 
 1.5771110572e+01  9.9974167955e-01 -2.2460155643e-02 
 1.6514775053e+01  9.9971698382e-01 -2.3519216153e-02 
 1.7293505984e+01  9.9968990291e-01 -2.4628212696e-02 
 1.8108956875e+01  9.9966020633e-01 -2.5789499559e-02 
 1.8962859202e+01  9.9962764126e-01 -2.7005541987e-02 
 1.9857026090e+01  9.9959193043e-01 -2.8278921402e-02 
 2.0793356156e+01  9.9955276974e-01 -2.9612340870e-02 
 2.1773837546e+01  9.9950982562e-01 -3.1008630829e-02 
 2.2800552154e+01  9.9946273220e-01 -3.2470755078e-02 
 2.3875680042e+01  9.9941108817e-01 -3.4001817046e-02 
 2.5001504069e+01  9.9935445330e-01 -3.5605066360e-02 
 2.6180414740e+01  9.9929234471e-01 -3.7283905717e-02 
 2.7414915283e+01  9.9922423265e-01 -3.9041898067e-02 
 2.8707626957e+01  9.9914953596e-01 -4.0882774147e-02 
 3.0061294628e+01  9.9906761707e-01 -4.2810440349e-02 
 3.1478792589e+01  9.9897777643e-01 -4.4828986960e-02 
 3.2963130667e+01  9.9887924654e-01 -4.6942696781e-02 
 3.4517460615e+01  9.9877118518e-01 -4.9156054144e-02 
 3.6145082800e+01  9.9865266819e-01 -5.1473754340e-02 
 3.7849453214e+01  9.9852268135e-01 -5.3900713478e-02 
 3.9634190812e+01  9.9838011154e-01 -5.6442078796e-02 
 4.1503085194e+01  9.9822373701e-01 -5.9103239436e-02 
 4.3460104656e+01  9.9805221663e-01 -6.1889837698e-02 
 4.5509404611e+01  9.9786407809e-01 -6.4807780805e-02 
 4.7655336416e+01  9.9765770489e-01 -6.7863253178e-02 
 4.9902456610e+01  9.9743132201e-01 -7.1062729254e-02 
 5.2255536588e+01  9.9718298009e-01 -7.4412986849e-02 
 5.4719572734e+01  9.9691053804e-01 -7.7921121092e-02 
 5.7299797030e+01  9.9661164378e-01 -8.1594558937e-02 
 6.0001688165e+01  9.9628371303e-01 -8.5441074257e-02 
 6.2830983167e+01  9.9592390588e-01 -8.9468803542e-02 
 6.5793689584e+01  9.9552910084e-01 -9.3686262184e-02 
 6.8896098246e+01  9.9509586624e-01 -9.8102361352e-02 
 7.2144796614e+01  9.9462042846e-01 -1.0272642545e-01 
 7.5546682772e+01  9.9409863687e-01 -1.0756821010e-01 
 7.9108980076e+01  9.9352592483e-01 -1.1263792071e-01 
 8.2839252485e+01  9.9289726659e-01 -1.1794623138e-01 
 8.6745420631e+01  9.9220712930e-01 -1.2350430431e-01 
 9.0835778628e+01  9.9144941977e-01 -1.2932380939e-01 
 9.5119011688e+01  9.9061742524e-01 -1.3541694399e-01 
 9.9604214564e+01  9.8970374745e-01 -1.4179645265e-01 
 1.0430091086e+02  9.8870022914e-01 -1.4847564647e-01 
 1.0921907324e+02  9.8759787213e-01 -1.5546842195e-01 
 1.1436914464e+02  9.8638674587e-01 -1.6278927872e-01 
 1.1976206039e+02  9.8505588516e-01 -1.7045333583e-01 
 1.2540927148e+02  9.8359317584e-01 -1.7847634575e-01 
 1.3132276885e+02  9.8198522680e-01 -1.8687470547e-01 
 1.3751510884e+02  9.8021722654e-01 -1.9566546338e-01 
 1.4399943990e+02  9.7827278238e-01 -2.0486632083e-01 
 1.5078953045e+02  9.7613374000e-01 -2.1449562651e-01 
 1.5789979814e+02  9.7377998095e-01 -2.2457236168e-01 
 1.6534534048e+02  9.7118919526e-01 -2.3511611347e-01 
 1.7314196687e+02  9.6833662607e-01 -2.4614703292e-01 
 1.8130623218e+02  9.6519478309e-01 -2.5768577371e-01 
 1.8985547191e+02  9.6173312103e-01 -2.6975340623e-01 
 1.9880783899e+02  9.5791767942e-01 -2.8237130048e-01 
 2.0818234231e+02  9.5371067963e-01 -2.9556096989e-01 
 2.1799888712e+02  9.4907007523e-01 -3.0934386579e-01 
 2.2827831726e+02  9.4394905203e-01 -3.2374111035e-01 
 2.3904245943e+02  9.3829547450e-01 -3.3877315251e-01 
 2.5031416955e+02  9.3205127669e-01 -3.5445932838e-01 
 2.6211738127e+02  9.2515179739e-01 -3.7081730315e-01 
 2.7447715679e+02  9.1752506200e-01 -3.8786236685e-01 
 2.8741974010e+02  9.0909101808e-01 -4.0560655092e-01 
 3.0097261268e+02  8.9976073743e-01 -4.2405752606e-01 
 3.1516455185e+02  8.8943560625e-01 -4.4321723533e-01 
 3.3002569190e+02  8.7800653703e-01 -4.6308020965e-01 
 3.4558758806e+02  8.6535325207e-01 -4.8363150621e-01 
 3.6188328349e+02  8.5134371015e-01 -5.0484420618e-01 
 3.7894737945e+02  8.3583377628e-01 -5.2667640599e-01 
 3.9681610881e+02  8.1866727030e-01 -5.4906764170e-01 
 4.1552741290e+02  7.9967657428e-01 -5.7193469961e-01 
 4.3512102215e+02  7.7868403105e-01 -5.9516679537e-01 
 4.5563854042e+02  7.5550442446e-01 -6.1862015400e-01 
 4.7712353333e+02  7.2994889156e-01 -6.4211210272e-01 
 4.9962162079e+02  7.0183066852e-01 -6.6541490672e-01 
 5.2318057384e+02  6.7097309981e-01 -6.8824974207e-01 
 5.4785041610e+02  6.3722032037e-01 -7.1028141529e-01 
 5.7368352999e+02  6.0045092060e-01 -7.3111470013e-01 
 6.0073476794e+02  5.6059468345e-01 -7.5029344856e-01 
 6.2906156887e+02  5.1765210054e-01 -7.6730389892e-01 
 6.5872408015e+02  4.7171580039e-01 -7.8158377095e-01 
 6.8978528534e+02  4.2299226051e-01 -7.9253869191e-01 
 7.2231113785e+02  3.7182129484e-01 -7.9956710340e-01 
 7.5637070108e+02  3.1868996517e-01 -8.0209392900e-01 
 7.9203629499e+02  2.6423702277e-01 -7.9961188487e-01 
 8.2938364969e+02  2.0924407151e-01 -7.9172748371e-01 
 8.6849206624e+02  1.5461066658e-01 -7.7820682837e-01 
 9.0944458503e+02  1.0131265640e-01 -7.5901474286e-01 
 9.5232816209e+02  5.0346045025e-02 -7.3434028105e-01 
 9.9723385377e+02  2.6618934942e-03 -7.0460269857e-01 
 1.0442570100e+03 -4.0899615994e-02 -6.7043468069e-01 
 1.0934974769e+03 -7.9666774131e-02 -6.3264351586e-01 
 1.1450598086e+03 -1.1317743610e-01 -5.9215500122e-01 
 1.1990534893e+03 -1.4119839006e-01 -5.4994799091e-01 
 1.2555931659e+03 -1.6372182611e-01 -5.0698876800e-01 
 1.3147988912e+03 -1.8094171514e-01 -4.6417359409e-01 
 1.3767963790e+03 -1.9321579851e-01 -4.2228531905e-01 
 1.4417172709e+03 -2.0102013769e-01 -3.8196670523e-01 
 1.5096994160e+03 -2.0490282440e-01 -3.4371006864e-01 
 1.5808871632e+03 -2.0544198290e-01 -3.0786061621e-01 
 1.6554316683e+03 -2.0321124709e-01 -2.7462970874e-01 
 1.7334912145e+03 -1.9875401679e-01 -2.4411410100e-01 
 1.8152315484e+03 -1.9256633212e-01 -2.1631770459e-01 
 1.9008262326e+03 -1.8508727067e-01 -1.9117325030e-01 
 1.9904570133e+03 -1.7669532813e-01 -1.6856212165e-01 
 2.0843142072e+03 -1.6770916672e-01 -1.4833141755e-01 
 2.1825971047e+03 -1.5839126895e-01 -1.3030790324e-01 
 2.2855143937e+03 -1.4895329778e-01 -1.1430891389e-01 
 2.3932846023e+03 -1.3956225537e-01 -1.0015051305e-01 
 2.5061365631e+03 -1.3034680128e-01 -8.7653318841e-02 
 2.6243098990e+03 -1.2140331441e-01 -7.6646436870e-02 
 2.7480555320e+03 -1.1280145462e-01 -6.6969913321e-02 
 2.8776362157e+03 -1.0458910359e-01 -5.8476070553e-02 
 3.0133270940e+03 -9.6796648779e-02 -5.1030026822e-02 
 3.1554162842e+03 -8.9440627395e-02 -4.4509641726e-02 
 3.3042054899e+03 -8.2526778006e-02 -3.8805074918e-02 
 3.4600106407e+03 -7.6052562965e-02 -3.3818099682e-02 
 3.6231625638e+03 -7.0009229740e-02 -2.9461275586e-02 
 3.7940076858e+03 -6.4383478146e-02 -2.5657054852e-02 
 3.9729087685e+03 -5.9158795731e-02 -2.2336874404e-02 
 4.1602456796e+03 -5.4316517055e-02 -1.9440268447e-02 
 4.3564161986e+03 -4.9836655492e-02 -1.6914023820e-02 
 4.5618368618e+03 -4.5698549201e-02 -1.4711391272e-02 
 4.7769438467e+03 -4.1881356412e-02 -1.2791359357e-02 
 5.0021938982e+03 -3.8364429337e-02 -1.1117993193e-02 
 5.2380652982e+03 -3.5127590959e-02 -9.6598373666e-03 
 5.4850588816e+03 -3.2151334593e-02 -8.3893803246e-03 
 5.7436990991e+03 -2.9416962467e-02 -7.2825764914e-03 
 6.0145351313e+03 -2.6906676483e-02 -6.3184216939e-03 
 6.2981420548e+03 -2.4603631816e-02 -5.4785772627e-03 
 6.5951220629e+03 -2.2491961893e-02 -4.7470381631e-03 
 6.9061057444e+03 -2.0556781617e-02 -4.1098406788e-03 
 7.2317534230e+03 -1.8784174290e-02 -3.5548054201e-03 
 7.5727565588e+03 -1.7161166580e-02 -3.0713117434e-03 
 7.9298392165e+03 -1.5675694950e-02 -2.6500999973e-03 
 8.3037596035e+03 -1.4316566247e-02 -2.2830983495e-03 
 8.6953116791e+03 -1.3073414544e-02 -1.9632712732e-03 
 9.1053268407e+03 -1.1936655863e-02 -1.6844870812e-03 
 9.5346756892e+03 -1.0897442031e-02 -1.4414021860e-03 
 9.9842698771e+03 -9.9476146040e-03 -1.2293600235e-03 
 1.0455064045e+04 -9.0796595680e-03 -1.0443028212e-03 
 1.0948057848e+04 -8.2866633313e-03 -8.8269460631e-04 
 1.1464298079e+04 -7.5622703693e-03 -7.4145404063e-04 
 1.2004880890e+04 -6.9006427693e-03 -6.1789584273e-04 
 1.2570954121e+04 -6.2964218288e-03 -5.0967971013e-04 
 1.3163719737e+04 -5.7446917908e-03 -4.1476578814e-04 
 1.3784436381e+04 -5.2409457449e-03 -3.3137585173e-04 
 1.4434422042e+04 -4.7810536831e-03 -2.5795947100e-04 
 1.5115056860e+04 -4.3612326670e-03 -1.9316452303e-04 
 1.5827786054e+04 -3.9780190412e-03 -1.3581149322e-04 
 1.6574122988e+04 -3.6282426143e-03 -8.4871080151e-05 
 1.7355652387e+04 -3.3090027150e-03 -3.9444679720e-05 
 1.8174033704e+04 -3.0176460275e-03  1.2526215792e-06 
 1.9031004637e+04 -2.7517461042e-03  3.7906867077e-05 
 1.9928384827e+04 -2.5090844562e-03  7.1118145570e-05 
 2.0868079713e+04 -2.2876331191e-03  1.0141184767e-04 
 2.1852084588e+04 -2.0855385971e-03  1.2924847684e-04 
 2.2882488825e+04 -1.9011070892e-03  1.5503220172e-04 
 2.3961480320e+04 -1.7327909069e-03  1.7911831215e-04 
 2.5091350139e+04 -1.5791759953e-03  2.0181972086e-04 
 2.6274497375e+04 -1.4389704758e-03  2.2341263404e-04 
 2.7513434251e+04 -1.3109941322e-03  2.4414149857e-04 
 2.8810791448e+04 -1.1941687666e-03  2.6422331965e-04 
 3.0169323695e+04 -1.0875093565e-03  2.8385143052e-04 
 3.1591915615e+04 -9.9011595018e-04  3.0319878553e-04 
 3.3081587850e+04 -9.0116623855e-04  3.2242083862e-04 
 3.4641503479e+04 -8.1990874994e-04  3.4165806135e-04 
 3.6274974730e+04 -7.4565661501e-04  3.6103814757e-04 
 3.7985470015e+04 -6.7778185460e-04  3.8067794589e-04 
 3.9776621293e+04 -6.1571014596e-04  4.0068515585e-04 
 4.1652231784e+04 -5.5891602662e-04  4.2115981901e-04 
 4.3616284043e+04 -5.0691849796e-04  4.4219563226e-04 
 4.5672948418e+04 -4.5927699341e-04  4.6388110718e-04 
 4.7826591900e+04 -4.1558767904e-04  4.8630059624e-04 
 5.0081787405e+04 -3.7548005665e-04  5.0953520411e-04 
 5.2443323473e+04 -3.3861384149e-04  5.3366359978e-04 
 5.4916214445e+04 -3.0467608924e-04  5.5876274356e-04 
 5.7505711104e+04 -2.7337854831e-04  5.8490854118e-04 
 6.0217311827e+04 -2.4445521534e-04  6.1217643544e-04 
 6.3056774258e+04 -2.1766007348e-04  6.4064194506e-04 
 6.6030127536e+04 -1.9276499398e-04  6.7038115880e-04 
 6.9143685096e+04 -1.6955778319e-04  7.0147119218e-04 
 7.2404058073e+04 -1.4784035775e-04  7.3399061313e-04 
 7.5818169340e+04 -1.2742703180e-04  7.6801984222e-04 
 7.9393268209e+04 -1.0814290071e-04  8.0364153248e-04 
 8.3136945825e+04 -8.9822306236e-05  8.4094093294e-04 
 8.7057151281e+04 -7.2307368462e-05  8.8000623994e-04 
 9.1162208496e+04 -5.5446570073e-05  9.2092893926e-04 
 9.5460833897e+04 -3.9093378434e-05  9.6380414182e-04 
 9.9962154917e+04 -2.3104890774e-05  1.0087309153e-03 
 1.0467572938e+05 -7.3404873359e-06  1.0558126131e-03 
 1.0961156581e+05  8.3395233067e-06  1.1051572018e-03 
 1.1478014464e+05  2.4075283521e-05  1.1568775877e-03 
 1.2019244052e+05  4.0008808454e-05  1.2110919409e-03 
 1.2585994557e+05  5.6285470003e-05  1.2679240162e-03 
 1.3179469384e+05  7.3055564415e-05  1.3275034676e-03 
 1.3800928680e+05  9.0475987420e-05  1.3899661507e-03 
 1.4451692012e+05  1.0871204363e-04  1.4554544074e-03 
 1.5133141171e+05  1.2793942036e-04  1.5241173208e-03 
 1.5846723105e+05  1.4834635999e-04  1.5961109291e-03 
 1.6593952989e+05  1.7013606968e-04  1.6715983770e-03 
 1.7376417444e+05  1.9352941244e-04  1.7507499822e-03 
 1.8195777908e+05  2.1876792985e-04  1.8337431814e-03 
 1.9053774158e+05  2.4611725312e-04  1.9207623138e-03 
 1.9952228013e+05  2.7587096682e-04  2.0119981830e-03 
 2.0893047191e+05  3.0835499722e-04  2.1076473240e-03 
 2.1878229372e+05  3.4393260475e-04  2.2079108741e-03 
 2.2909866429e+05  3.8301006770e-04  2.3129929245e-03 
 2.3990148877e+05  4.2604314925e-04  2.4230981842e-03 
 2.5121370521e+05  4.7354444270e-04  2.5384287461e-03 
 2.6305933326e+05  5.2609168601e-04  2.6591796830e-03 
 2.7546352520e+05  5.8433712423e-04  2.7855331227e-03 
 2.8845261932e+05  6.4901797087e-04  2.9176503625e-03 
 3.0205419586e+05  7.2096796898e-04  3.0556614598e-03 
 3.1629713556e+05  8.0112996917e-04  3.1996516016e-03 
 3.3121168100e+05  8.9056930811e-04  3.3496433839e-03 
 3.4682950080e+05  9.9048756695e-04  3.5055739436e-03 
 3.6318375687e+05  1.1022359846e-03  3.6672656832e-03 
 3.8030917483e+05  1.2273273594e-03  3.8343891232e-03 
 3.9824211773e+05  1.3674446469e-03  4.0064162609e-03 
 4.1702066326e+05  1.5244436030e-03  4.1825627614e-03 
 4.3668468462e+05  1.7003456703e-03  4.3617174680e-03 
 4.5727593519e+05  1.8973158452e-03  4.5423582622e-03 
 4.7883813714e+05  2.1176184892e-03  4.7224544813e-03 
 5.0141707433e+05  2.3635421076e-03  4.8993582341e-03 
 5.2506068946e+05  2.6372823178e-03  5.0696904689e-03 
 5.4981918592e+05  2.9407712040e-03  5.2292329562e-03 
 5.7574513437e+05  3.2754421008e-03  5.3728447063e-03 
 6.0289358437e+05  3.6419231663e-03  5.4944305249e-03 
 6.3132218124e+05  4.0396629621e-03  5.5869991868e-03 
 6.6109128852e+05  4.4665086095e-03  5.6428561788e-03 
 6.9226411608e+05  4.9182826423e-03  5.6539761276e-03 
 7.2490685436e+05  5.3884359009e-03  5.6125860357e-03 
 7.5908881494e+05  5.8678827633e-03  5.5119557056e-03 
 7.9488257767e+05  6.3451373917e-03  5.3473342562e-03 
 8.3236414482e+05  6.8068477416e-03  5.1169000427e-03 
 8.7161310242e+05  7.2387552673e-03  4.8225286596e-03 
 9.1271278926e+05  7.6269976837e-03  4.4701636321e-03 
 9.5575047390e+05  7.9595510958e-03  4.0696255839e-03 
 1.0008175399e+06  8.2275272860e-03  3.6338202234e-03 
 1.0480096798e+06  8.4260477083e-03  3.1774664708e-03 
 1.0974270985e+06  8.5545179160e-03  2.7155994817e-03 
 1.1491747259e+06  8.6162870436e-03  2.2621525217e-03 
 1.2033624398e+06  8.6178303158e-03  1.8288706074e-03 
 1.2601052988e+06  8.5676815309e-03  1.4246891501e-03 
 1.3195237874e+06  8.4753479696e-03  1.0555785412e-03 
 1.3817440711e+06  8.3503819507e-03  7.2475826908e-04 
 1.4468982645e+06  8.2016994498e-03  4.3314140973e-04 
 1.5151247119e+06  8.0371605406e-03  1.7987524131e-04 
 1.5865682814e+06  7.8633764214e-03 -3.7123815009e-05 
 1.6613806716e+06  7.6856853368e-03 -2.2070269599e-04 
 1.7397207346e+06  7.5082378047e-03 -3.7409870478e-04 
 1.8217548128e+06  7.3341410491e-03 -5.0066392058e-04 
 1.9076570922e+06  7.1656260027e-03 -6.0367619072e-04 
 1.9976099726e+06  7.0042131379e-03 -6.8622014381e-04 
 2.0918044541e+06  6.8508636922e-03 -7.5112096010e-04 
 2.1904405437e+06  6.7061101398e-03 -8.0091556748e-04 
 2.2937276790e+06  6.5701644119e-03 -8.3784887305e-04 
 2.4018851734e+06  6.4430050222e-03 -8.6388565442e-04 
 2.5151426821e+06  6.3244455556e-03 -8.8073137487e-04 
 2.6337406888e+06  6.2141874290e-03 -8.8985729933e-04 
 2.7579310174e+06  6.1118598007e-03 -8.9252688214e-04 
 2.8879773658e+06  6.0170492298e-03 -8.8982154607e-04 
 3.0241558663e+06  5.9293213150e-03 -8.8266476974e-04 
 3.1667556721e+06  5.8482361574e-03 -8.7184393556e-04 
 3.3160795706e+06  5.7733591340e-03 -8.5802973618e-04 
 3.4724446270e+06  5.7042681596e-03 -8.4179315181e-04 
 3.6361828571e+06  5.6405583537e-03 -8.2362013546e-04 
 3.8076419326e+06  5.5818448209e-03 -8.0392420899e-04 
 3.9871859191e+06  5.5277640803e-03 -7.8305720003e-04 
 4.1751960491e+06  5.4779745501e-03 -7.6131835389e-04 
 4.3720715317e+06  5.4321563879e-03 -7.3896204413e-04 
 4.5782304000e+06  5.3900109068e-03 -7.1620428726e-04 
 4.7941103991e+06  5.3512597281e-03 -6.9322824544e-04 
 5.0201699152e+06  5.3156437831e-03 -6.7018887798e-04 
 5.2568889489e+06  5.2829222418e-03 -6.4721688052e-04 
 5.5047701350e+06  5.2528714235e-03 -6.2442202967e-04 
 5.7643398088e+06  5.2252837219e-03 -6.0189603247e-04 
 6.0361491247e+06  5.1999665663e-03 -5.7971496327e-04 
 6.3207752255e+06  5.1767414311e-03 -5.5794135639e-04 
 6.6188224688e+06  5.1554428992e-03 -5.3662601096e-04 
 6.9309237096e+06  5.1359177803e-03 -5.1580955390e-04 
 7.2577416444e+06  5.1180242840e-03 -4.9552379869e-04 
 7.5999702180e+06  5.1016312442e-03 -4.7579293075e-04 
 7.9583360975e+06  5.0866173938e-03 -4.5663454450e-04 
 8.3336002148e+06  5.0728706839e-03 -4.3806055284e-04 
 8.7265593823e+06  5.0602876463e-03 -4.2007798609e-04 
 9.1380479853e+06  5.0487727958e-03 -4.0268969451e-04 
 9.5689397532e+06  5.0382380687e-03 -3.8589496649e-04 
 1.0020149615e+07  5.0286022971e-03 -3.6969007230e-04 
 1.0492635641e+07  5.0197907145e-03 -3.5406874224e-04 
 1.0987401080e+07  5.0117344927e-03 -3.3902258659e-04 
 1.1505496485e+07  5.0043703078e-03 -3.2454146384e-04 
 1.2048021949e+07  4.9976399330e-03 -3.1061380304e-04 
 1.2616129436e+07  4.9914898580e-03 -2.9722688528e-04 
 1.3211025231e+07  4.9858709327e-03 -2.8436708884e-04 
 1.3833972498e+07  4.9807380351e-03 -2.7202010213e-04 
 1.4486293964e+07  4.9760497603e-03 -2.6017110787e-04 
 1.5169374730e+07  4.9717681322e-03 -2.4880494191e-04 
 1.5884665207e+07  4.9678583340e-03 -2.3790622962e-04 
 1.6633684197e+07  4.9642884584e-03 -2.2745950230e-04 
 1.7418022121e+07  4.9610292750e-03 -2.1744929613e-04 
 1.8239344394e+07  4.9580540158e-03 -2.0786023570e-04 
 1.9099394961e+07  4.9553381755e-03 -1.9867710405e-04 
 2.0000000000e+07  4.9528593267e-03 -1.8988490071e-04 
