 time v(n_filt_out) v(adc_h) v(smp)
 0.000000000e+00 3.686396868e+00 9.215992298e-01 0.000000000e+00
 1.325625000e-07 3.686396868e+00 9.215992298e-01 0.000000000e+00
 2.966250000e-07 3.686396868e+00 9.215992298e-01 0.000000000e+00
 4.606875000e-07 3.686396868e+00 9.215992298e-01 0.000000000e+00
 6.247500000e-07 3.686396868e+00 9.215992298e-01 0.000000000e+00
 7.935000000e-07 3.686396868e+00 9.215992298e-01 0.000000000e+00
 9.575625000e-07 3.686396868e+00 9.215992298e-01 0.000000000e+00
 1.121625000e-06 3.686396868e+00 9.215992298e-01 0.000000000e+00
 1.285687500e-06 3.686396868e+00 9.215992298e-01 0.000000000e+00
 1.449750000e-06 3.686396868e+00 9.215992298e-01 0.000000000e+00
 1.618500000e-06 3.686396868e+00 9.215992298e-01 0.000000000e+00
 1.782562500e-06 3.686396868e+00 9.215992298e-01 0.000000000e+00
 1.946625000e-06 3.686396868e+00 9.215992298e-01 0.000000000e+00
 2.110687500e-06 3.686396868e+00 9.215992298e-01 0.000000000e+00
 2.274750000e-06 3.686396868e+00 9.215992298e-01 0.000000000e+00
 2.443500000e-06 3.686396868e+00 9.215992298e-01 0.000000000e+00
 2.607562500e-06 3.686396868e+00 9.215992298e-01 0.000000000e+00
 2.771625000e-06 3.686396868e+00 9.215992298e-01 0.000000000e+00
 2.935687500e-06 3.686396868e+00 9.215992298e-01 0.000000000e+00
 3.104437500e-06 3.686396868e+00 9.215992298e-01 0.000000000e+00
 3.268500000e-06 3.686396868e+00 9.215992298e-01 0.000000000e+00
 3.432562500e-06 3.686396868e+00 9.215992298e-01 0.000000000e+00
 3.596625000e-06 3.686396868e+00 9.215992298e-01 0.000000000e+00
 3.760687500e-06 3.686396868e+00 9.215992298e-01 0.000000000e+00
 3.929437500e-06 3.686396868e+00 9.215992298e-01 0.000000000e+00
 4.093500000e-06 3.686396868e+00 9.215992298e-01 0.000000000e+00
 4.257562500e-06 3.686396868e+00 9.215992298e-01 0.000000000e+00
 4.421625000e-06 3.686396868e+00 9.215992298e-01 0.000000000e+00
 4.585687500e-06 3.686396868e+00 9.215992298e-01 0.000000000e+00
 4.754437500e-06 3.686396868e+00 9.215992298e-01 0.000000000e+00
 4.918500000e-06 3.686396868e+00 9.215992298e-01 0.000000000e+00
 5.082562500e-06 3.686396868e+00 9.215992298e-01 0.000000000e+00
 5.246625000e-06 3.686396868e+00 9.215992298e-01 0.000000000e+00
 5.410687500e-06 3.686396868e+00 9.215992298e-01 0.000000000e+00
 5.579437500e-06 3.686396868e+00 9.215992298e-01 0.000000000e+00
 5.743500000e-06 3.686396868e+00 9.215992298e-01 0.000000000e+00
 5.907562500e-06 3.686396868e+00 9.215992298e-01 0.000000000e+00
 6.071625000e-06 3.686396868e+00 9.215992298e-01 0.000000000e+00
 6.240375000e-06 3.686396868e+00 9.215992298e-01 0.000000000e+00
 6.404437500e-06 3.686396868e+00 9.215992298e-01 0.000000000e+00
 6.562600000e-06 3.686396868e+00 9.215992298e-01 0.000000000e+00
 6.563153219e-06 3.686396868e+00 -9.000372571e-02 0.000000000e+00
 6.563414678e-06 3.686396868e+00 -1.684339208e-03 0.000000000e+00
 6.563502190e-06 3.686396868e+00 -1.649658317e-05 0.000000000e+00
 6.619344870e-06 3.686396868e+00 1.609238533e-08 0.000000000e+00
 6.624032370e-06 3.686396868e+00 -1.581275533e-08 0.000000000e+00
 6.783407370e-06 3.686396868e+00 -8.849427614e-09 0.000000000e+00
 6.788094870e-06 3.686396868e+00 8.706985681e-09 0.000000000e+00
 6.952157370e-06 3.686396868e+00 -4.785470339e-09 0.000000000e+00
 6.956844870e-06 3.686396868e+00 4.711799761e-09 0.000000000e+00
 7.116219870e-06 3.686396868e+00 2.639011403e-09 0.000000000e+00
 7.120907370e-06 3.686396868e+00 -2.587042945e-09 0.000000000e+00
 7.280282370e-06 3.686396868e+00 -1.446451544e-09 0.000000000e+00
 7.284969870e-06 3.686396868e+00 1.429284722e-09 0.000000000e+00
 7.444344870e-06 3.686396868e+00 8.016525083e-10 0.000000000e+00
 7.449032370e-06 3.686396868e+00 -7.807763219e-10 0.000000000e+00
 7.608407370e-06 3.686396868e+00 -4.354097036e-10 0.000000000e+00
 7.613094870e-06 3.686396868e+00 4.353519975e-10 0.000000000e+00
 7.777157370e-06 3.686396868e+00 -2.338458482e-10 0.000000000e+00
 7.813850000e-06 3.686396868e+00 1.140431628e-12 0.000000000e+00
 7.875671250e-06 3.686396868e+00 1.137216480e-08 0.000000000e+00
 7.880358750e-06 3.686396868e+00 1.223616405e-08 0.000000000e+00
 8.039733750e-06 3.686396868e+00 4.161213817e-08 0.000000000e+00
 8.044421250e-06 3.686396868e+00 4.247613739e-08 0.000000000e+00
 8.203796250e-06 3.686396868e+00 7.185211055e-08 0.000000000e+00
 8.208483750e-06 3.686396868e+00 7.271610974e-08 0.000000000e+00
 8.372546250e-06 3.686396868e+00 1.029560811e-07 0.000000000e+00
 8.377233750e-06 3.686396868e+00 1.038200803e-07 0.000000000e+00
 8.536608750e-06 3.686396868e+00 1.331960515e-07 0.000000000e+00
 8.541296250e-06 3.686396868e+00 1.340600506e-07 0.000000000e+00
 8.700671250e-06 3.686396868e+00 1.634360208e-07 0.000000000e+00
 8.705358750e-06 3.686396868e+00 1.643000199e-07 0.000000000e+00
 8.864733750e-06 3.686396868e+00 1.936759892e-07 0.000000000e+00
 8.869421250e-06 3.686396868e+00 1.945399883e-07 0.000000000e+00
 9.028796250e-06 3.686396868e+00 2.239159566e-07 0.000000000e+00
 9.033483750e-06 3.686396868e+00 2.247799557e-07 0.000000000e+00
 9.063500000e-06 3.685473673e+00 9.446742809e-02 1.000000000e+00
 9.107429139e-06 3.659773830e+00 3.247257627e+00 1.000000000e+00
 9.121491639e-06 3.660477712e+00 3.441429616e+00 1.000000000e+00
 9.126179139e-06 3.660988326e+00 3.481252228e+00 1.000000000e+00
 9.285554139e-06 3.685833885e+00 3.662800324e+00 1.000000000e+00
 9.290241639e-06 3.686357800e+00 3.663732430e+00 1.000000000e+00
 9.449616639e-06 3.695654403e+00 3.686149424e+00 1.000000000e+00
 9.454304139e-06 3.695721377e+00 3.686552947e+00 1.000000000e+00
 9.491804139e-06 3.695955403e+00 3.689315588e+00 1.000000000e+00
 9.613679139e-06 3.694163884e+00 3.693511458e+00 1.000000000e+00
 9.618366639e-06 3.694048383e+00 3.693557241e+00 1.000000000e+00
 9.651179139e-06 3.693195744e+00 3.693699650e+00 1.000000000e+00
 9.777741639e-06 3.689794777e+00 3.692253604e+00 1.000000000e+00
 9.782429139e-06 3.689679404e+00 3.692164022e+00 1.000000000e+00
 9.946491639e-06 3.686651004e+00 3.688826141e+00 1.000000000e+00
 9.951179139e-06 3.686595294e+00 3.688739914e+00 1.000000000e+00
 1.000200000e-05 3.686094456e+00 3.687887224e+00 0.000000000e+00
 1.004910875e-05 3.685779285e+00 3.687887198e+00 0.000000000e+00
 1.005379625e-05 3.685755376e+00 3.687887196e+00 0.000000000e+00
 1.016629625e-05 3.685502638e+00 3.687887133e+00 0.000000000e+00
 1.021317125e-05 3.685532062e+00 3.687887107e+00 0.000000000e+00
 1.021785875e-05 3.685537923e+00 3.687887105e+00 0.000000000e+00
 1.037723375e-05 3.685894915e+00 3.687887017e+00 0.000000000e+00
 1.038192125e-05 3.685907126e+00 3.687887014e+00 0.000000000e+00
 1.054129625e-05 3.686264148e+00 3.687886926e+00 0.000000000e+00
 1.054598375e-05 3.686272129e+00 3.687886923e+00 0.000000000e+00
 1.071004625e-05 3.686449961e+00 3.687886832e+00 0.000000000e+00
 1.071473375e-05 3.686452430e+00 3.687886830e+00 0.000000000e+00
 1.083660875e-05 3.686480473e+00 3.687886762e+00 0.000000000e+00
 1.087410875e-05 3.686478655e+00 3.687886742e+00 0.000000000e+00
 1.087879625e-05 3.686478194e+00 3.687886739e+00 0.000000000e+00
 1.103817125e-05 3.686446058e+00 3.687886651e+00 0.000000000e+00
 1.104285875e-05 3.686444914e+00 3.687886648e+00 0.000000000e+00
 1.120223375e-05 3.686410875e+00 3.687886560e+00 0.000000000e+00
 1.120692125e-05 3.686410101e+00 3.687886558e+00 0.000000000e+00
 1.137098375e-05 3.686392535e+00 3.687886467e+00 0.000000000e+00
 1.137567125e-05 3.686392282e+00 3.687886464e+00 0.000000000e+00
 1.150692125e-05 3.686389213e+00 3.687886392e+00 0.000000000e+00
 1.153504625e-05 3.686389312e+00 3.687886376e+00 0.000000000e+00
 1.153973375e-05 3.686389347e+00 3.687886373e+00 0.000000000e+00
 1.169910875e-05 3.686392220e+00 3.687886285e+00 0.000000000e+00
 1.170379625e-05 3.686392327e+00 3.687886283e+00 0.000000000e+00
 1.186317125e-05 3.686395566e+00 3.687886194e+00 0.000000000e+00
 1.186785875e-05 3.686395641e+00 3.687886192e+00 0.000000000e+00
 1.202723375e-05 3.686397345e+00 3.687886104e+00 0.000000000e+00
 1.203192125e-05 3.686397372e+00 3.687886101e+00 0.000000000e+00
 1.217723375e-05 3.686397730e+00 3.687886021e+00 0.000000000e+00
 1.219598375e-05 3.686397726e+00 3.687886010e+00 0.000000000e+00
 1.220067125e-05 3.686397723e+00 3.687886008e+00 0.000000000e+00
 1.236004625e-05 3.686397469e+00 3.687885920e+00 0.000000000e+00
 1.236473375e-05 3.686397459e+00 3.687885917e+00 0.000000000e+00
 1.252410875e-05 3.686397151e+00 3.687885829e+00 0.000000000e+00
 1.252879625e-05 3.686397144e+00 3.687885826e+00 0.000000000e+00
 1.268817125e-05 3.686396976e+00 3.687885738e+00 0.000000000e+00
 1.269285875e-05 3.686396973e+00 3.687885735e+00 0.000000000e+00
 1.284285875e-05 3.686396935e+00 3.687885652e+00 0.000000000e+00
 1.285223375e-05 3.686396935e+00 3.687885647e+00 0.000000000e+00
 1.285692125e-05 3.686396935e+00 3.687885645e+00 0.000000000e+00
 1.302098375e-05 3.686396957e+00 3.687885554e+00 0.000000000e+00
 1.302567125e-05 3.686396958e+00 3.687885551e+00 0.000000000e+00
 1.318504625e-05 3.686396987e+00 3.687885463e+00 0.000000000e+00
 1.318973375e-05 3.686396988e+00 3.687885460e+00 0.000000000e+00
 1.334910875e-05 3.686397004e+00 3.687885372e+00 0.000000000e+00
 1.335379625e-05 3.686397005e+00 3.687885370e+00 0.000000000e+00
 1.349442125e-05 3.686397009e+00 3.687885292e+00 0.000000000e+00
 1.351317125e-05 3.686397009e+00 3.687885282e+00 0.000000000e+00
 1.351785875e-05 3.686397009e+00 3.687885279e+00 0.000000000e+00
 1.368192125e-05 3.686397007e+00 3.687885188e+00 0.000000000e+00
 1.368660875e-05 3.686397007e+00 3.687885186e+00 0.000000000e+00
 1.384598375e-05 3.686397004e+00 3.687885098e+00 0.000000000e+00
 1.385067125e-05 3.686397004e+00 3.687885095e+00 0.000000000e+00
 1.401004625e-05 3.686397002e+00 3.687885007e+00 0.000000000e+00
 1.401473375e-05 3.686397002e+00 3.687885004e+00 0.000000000e+00
 1.412254625e-05 3.686397001e+00 3.687884944e+00 0.000000000e+00
 1.417410875e-05 3.686397001e+00 3.687884916e+00 0.000000000e+00
 1.417879625e-05 3.686397001e+00 3.687884913e+00 0.000000000e+00
 1.420692125e-05 3.686397001e+00 3.687884898e+00 0.000000000e+00
 1.433817125e-05 3.686397001e+00 3.687884825e+00 0.000000000e+00
 1.434285875e-05 3.686397001e+00 3.687884823e+00 0.000000000e+00
 1.446004625e-05 3.686397002e+00 3.687884758e+00 0.000000000e+00
 1.450692125e-05 3.686397002e+00 3.687884732e+00 0.000000000e+00
 1.451160875e-05 3.686397002e+00 3.687884729e+00 0.000000000e+00
 1.461942125e-05 3.686397002e+00 3.687884669e+00 0.000000000e+00
 1.467098375e-05 3.686397002e+00 3.687884641e+00 0.000000000e+00
 1.467567125e-05 3.686397002e+00 3.687884638e+00 0.000000000e+00
 1.472254625e-05 3.686397002e+00 3.687884612e+00 0.000000000e+00
 1.483504625e-05 3.686397002e+00 3.687884550e+00 0.000000000e+00
 1.483973375e-05 3.686397002e+00 3.687884548e+00 0.000000000e+00
 1.491942125e-05 3.686397001e+00 3.687884504e+00 0.000000000e+00
 1.499910875e-05 3.686397001e+00 3.687884460e+00 0.000000000e+00
 1.500379625e-05 3.686397001e+00 3.687884457e+00 0.000000000e+00
 1.505067125e-05 3.686397001e+00 3.687884431e+00 0.000000000e+00
 1.516317125e-05 3.686397001e+00 3.687884369e+00 0.000000000e+00
 1.516785875e-05 3.686397001e+00 3.687884366e+00 0.000000000e+00
 1.531785875e-05 3.686397001e+00 3.687884283e+00 0.000000000e+00
 1.533192125e-05 3.686397001e+00 3.687884275e+00 0.000000000e+00
 1.533660875e-05 3.686397001e+00 3.687884273e+00 0.000000000e+00
 1.547254625e-05 3.686397001e+00 3.687884197e+00 0.000000000e+00
 1.549598375e-05 3.686397001e+00 3.687884185e+00 0.000000000e+00
 1.550067125e-05 3.686397001e+00 3.687884182e+00 0.000000000e+00
 1.563192125e-05 3.686397001e+00 3.687884109e+00 0.000000000e+00
 1.566004625e-05 3.686397001e+00 3.687884094e+00 0.000000000e+00
 1.566473375e-05 3.686397001e+00 3.687884091e+00 0.000000000e+00
 1.580067125e-05 3.686397001e+00 3.687884016e+00 0.000000000e+00
 1.582410875e-05 3.686397001e+00 3.687884003e+00 0.000000000e+00
 1.582879625e-05 3.686397001e+00 3.687884000e+00 0.000000000e+00
 1.596473375e-05 3.686397001e+00 3.687883925e+00 0.000000000e+00
 1.598817125e-05 3.686397001e+00 3.687883912e+00 0.000000000e+00
 1.599285875e-05 3.686397001e+00 3.687883910e+00 0.000000000e+00
 1.612879625e-05 3.686397001e+00 3.687883835e+00 0.000000000e+00
 1.615692125e-05 3.686397001e+00 3.687883819e+00 0.000000000e+00
 1.616160875e-05 3.686397001e+00 3.687883816e+00 0.000000000e+00
 1.628817125e-05 3.686397000e+00 3.687883746e+00 0.000000000e+00
 1.632098375e-05 3.686397000e+00 3.687883728e+00 0.000000000e+00
 1.632567125e-05 3.686397000e+00 3.687883725e+00 0.000000000e+00
 1.644754625e-05 3.686397000e+00 3.687883658e+00 0.000000000e+00
 1.648504625e-05 3.686397000e+00 3.687883637e+00 0.000000000e+00
 1.648973375e-05 3.686397000e+00 3.687883635e+00 0.000000000e+00
 1.656310309e-05 3.686397000e+00 -3.952389461e-01 0.000000000e+00
 1.656328387e-05 3.686397000e+00 6.491038648e-05 0.000000000e+00
 1.656333439e-05 3.686397000e+00 3.099492750e-06 0.000000000e+00
 1.656337443e-05 3.686397000e+00 -1.251892599e-09 0.000000000e+00
 1.668200914e-05 3.686397000e+00 3.781355930e-12 0.000000000e+00
 1.668669664e-05 3.686397000e+00 3.593044975e-12 0.000000000e+00
 1.684138414e-05 3.686397000e+00 3.739549421e-12 0.000000000e+00
 1.684607164e-05 3.686397000e+00 3.634144022e-12 0.000000000e+00
 1.685075914e-05 3.686397000e+00 3.737765724e-12 0.000000000e+00
 1.701013414e-05 3.686397000e+00 3.715150187e-12 0.000000000e+00
 1.701482164e-05 3.686397000e+00 3.658130366e-12 0.000000000e+00
 1.717419664e-05 3.686397000e+00 3.670574997e-12 0.000000000e+00
 1.717888414e-05 3.686397000e+00 3.701951243e-12 0.000000000e+00
 1.726325914e-05 3.686397000e+00 3.697837112e-12 0.000000000e+00
 1.733825914e-05 3.686397000e+00 3.695103347e-12 0.000000000e+00
 1.734294664e-05 3.686397000e+00 3.677837968e-12 0.000000000e+00
 1.744607164e-05 3.686397000e+00 3.680517264e-12 0.000000000e+00
 1.750700914e-05 3.686397000e+00 3.691106758e-12 0.000000000e+00
 1.751169664e-05 3.686397000e+00 3.681766925e-12 0.000000000e+00
 1.759607164e-05 3.686397000e+00 3.682991587e-12 0.000000000e+00
 1.767107164e-05 3.686397000e+00 3.683805353e-12 0.000000000e+00
 1.767575914e-05 3.686397000e+00 3.688944774e-12 0.000000000e+00
 1.775075914e-05 3.686397000e+00 3.688335948e-12 0.000000000e+00
 1.781393750e-05 3.686397000e+00 3.686390075e-12 0.000000000e+00
 1.790379625e-05 3.686396999e+00 1.655750955e-08 0.000000000e+00
 1.793192125e-05 3.686396999e+00 2.174150521e-08 0.000000000e+00
 1.793660875e-05 3.686396999e+00 2.260550448e-08 0.000000000e+00
 1.806317125e-05 3.686396999e+00 4.593348458e-08 0.000000000e+00
 1.809598375e-05 3.686396999e+00 5.198147932e-08 0.000000000e+00
 1.810067125e-05 3.686396999e+00 5.284547857e-08 0.000000000e+00
 1.822723375e-05 3.686396999e+00 7.617345790e-08 0.000000000e+00
 1.826473375e-05 3.686396999e+00 8.308545166e-08 0.000000000e+00
 1.826942125e-05 3.686396999e+00 8.394945087e-08 0.000000000e+00
 1.838660875e-05 3.686396999e+00 1.055494310e-07 0.000000000e+00
 1.842879625e-05 3.686396999e+00 1.133254238e-07 0.000000000e+00
 1.843348375e-05 3.686396999e+00 1.141894229e-07 0.000000000e+00
 1.855067125e-05 3.686396999e+00 1.357894024e-07 0.000000000e+00
 1.859285875e-05 3.686396999e+00 1.435653949e-07 0.000000000e+00
 1.859754625e-05 3.686396999e+00 1.444293940e-07 0.000000000e+00
 1.871473375e-05 3.686396999e+00 1.660293728e-07 0.000000000e+00
 1.875692125e-05 3.686396999e+00 1.738053650e-07 0.000000000e+00
 1.876160875e-05 3.686396999e+00 1.746693641e-07 0.000000000e+00
 1.887410875e-05 3.686396999e+00 1.954053430e-07 0.000000000e+00
 1.892567125e-05 3.686396999e+00 2.049093332e-07 0.000000000e+00
 1.893035875e-05 3.686396999e+00 2.057733323e-07 0.000000000e+00
 1.906302270e-05 3.686320418e+00 7.827816583e-03 5.227042699e-01
 1.906310309e-05 3.686176244e+00 2.256717995e-02 6.030884358e-01
 1.906350000e-05 3.685473804e+00 9.446743145e-02 1.000000000e+00
 1.910742914e-05 3.659773960e+00 3.247257742e+00 1.000000000e+00
 1.917774164e-05 3.669571934e+00 3.627441154e+00 1.000000000e+00
 1.918242914e-05 3.670414110e+00 3.630854550e+00 1.000000000e+00
 1.934180414e-05 3.691085453e+00 3.672915102e+00 1.000000000e+00
 1.934649164e-05 3.691424721e+00 3.673655695e+00 1.000000000e+00
 1.949180414e-05 3.695955534e+00 3.689315719e+00 1.000000000e+00
 1.950586664e-05 3.695920629e+00 3.690149438e+00 1.000000000e+00
 1.951055414e-05 3.695895972e+00 3.690404250e+00 1.000000000e+00
 1.965117914e-05 3.693195874e+00 3.693699781e+00 1.000000000e+00
 1.967461664e-05 3.692556752e+00 3.693634612e+00 1.000000000e+00
 1.967930414e-05 3.692427483e+00 3.693607196e+00 1.000000000e+00
 1.983867914e-05 3.688409033e+00 3.691015416e+00 1.000000000e+00
 1.984336664e-05 3.688313517e+00 3.690916425e+00 1.000000000e+00
 2.000100000e-05 3.686102770e+00 3.687894912e+00 1.000000000e+00
 2.000110000e-05 3.686101957e+00 3.687893356e+00 9.000000000e-01
 2.000205000e-05 3.686094163e+00 3.687888690e+00 0.000000000e+00
 2.011616250e-05 3.685547482e+00 3.687888627e+00 0.000000000e+00
 2.012085000e-05 3.685539233e+00 3.687888624e+00 0.000000000e+00
 2.016772500e-05 3.685502768e+00 3.687888598e+00 0.000000000e+00
 2.028022500e-05 3.685651597e+00 3.687888536e+00 0.000000000e+00
 2.028491250e-05 3.685662169e+00 3.687888533e+00 0.000000000e+00
 2.044897500e-05 3.686074843e+00 3.687888443e+00 0.000000000e+00
 2.045366250e-05 3.686085807e+00 3.687888440e+00 0.000000000e+00
 2.061303750e-05 3.686368122e+00 3.687888352e+00 0.000000000e+00
 2.061772500e-05 3.686373562e+00 3.687888349e+00 0.000000000e+00
 2.077710000e-05 3.686474690e+00 3.687888261e+00 0.000000000e+00
 2.078178750e-05 3.686475631e+00 3.687888259e+00 0.000000000e+00
 2.083803750e-05 3.686480601e+00 3.687888227e+00 0.000000000e+00
 2.094116250e-05 3.686468552e+00 3.687888170e+00 0.000000000e+00
 2.094585000e-05 3.686467606e+00 3.687888168e+00 0.000000000e+00
 2.110522500e-05 3.686430263e+00 3.687888079e+00 0.000000000e+00
 2.110991250e-05 3.686429208e+00 3.687888077e+00 0.000000000e+00
 2.127397500e-05 3.686400856e+00 3.687887986e+00 0.000000000e+00
 2.127866250e-05 3.686400320e+00 3.687887984e+00 0.000000000e+00
 2.143803750e-05 3.686390086e+00 3.687887895e+00 0.000000000e+00
 2.144272500e-05 3.686389982e+00 3.687887893e+00 0.000000000e+00
 2.150835000e-05 3.686389342e+00 3.687887857e+00 0.000000000e+00
 2.160210000e-05 3.686390304e+00 3.687887805e+00 0.000000000e+00
 2.160678750e-05 3.686390388e+00 3.687887802e+00 0.000000000e+00
 2.176616250e-05 3.686393849e+00 3.687887714e+00 0.000000000e+00
 2.177085000e-05 3.686393949e+00 3.687887711e+00 0.000000000e+00
 2.193491250e-05 3.686396685e+00 3.687887621e+00 0.000000000e+00
 2.193960000e-05 3.686396738e+00 3.687887618e+00 0.000000000e+00
 2.209897500e-05 3.686397769e+00 3.687887530e+00 0.000000000e+00
 2.210366250e-05 3.686397780e+00 3.687887527e+00 0.000000000e+00
 2.217397500e-05 3.686397859e+00 3.687887488e+00 0.000000000e+00
 2.226303750e-05 3.686397784e+00 3.687887439e+00 0.000000000e+00
 2.226772500e-05 3.686397776e+00 3.687887436e+00 0.000000000e+00
 2.242710000e-05 3.686397456e+00 3.687887348e+00 0.000000000e+00
 2.243178750e-05 3.686397447e+00 3.687887346e+00 0.000000000e+00
 2.259116250e-05 3.686397188e+00 3.687887257e+00 0.000000000e+00
 2.259585000e-05 3.686397183e+00 3.687887255e+00 0.000000000e+00
 2.275991250e-05 3.686397074e+00 3.687887164e+00 0.000000000e+00
 2.276460000e-05 3.686397073e+00 3.687887161e+00 0.000000000e+00
 2.284428750e-05 3.686397063e+00 3.687887117e+00 0.000000000e+00
 2.292397500e-05 3.686397069e+00 3.687887073e+00 0.000000000e+00
 2.292866250e-05 3.686397070e+00 3.687887071e+00 0.000000000e+00
 2.308803750e-05 3.686397099e+00 3.687886982e+00 0.000000000e+00
 2.309272500e-05 3.686397100e+00 3.687886980e+00 0.000000000e+00
 2.325210000e-05 3.686397125e+00 3.687886892e+00 0.000000000e+00
 2.325678750e-05 3.686397125e+00 3.687886889e+00 0.000000000e+00
 2.341616250e-05 3.686397136e+00 3.687886801e+00 0.000000000e+00
 2.342085000e-05 3.686397136e+00 3.687886798e+00 0.000000000e+00
 2.350053750e-05 3.686397137e+00 3.687886754e+00 0.000000000e+00
 2.358491250e-05 3.686397136e+00 3.687886708e+00 0.000000000e+00
 2.358960000e-05 3.686397136e+00 3.687886705e+00 0.000000000e+00
 2.374897500e-05 3.686397133e+00 3.687886617e+00 0.000000000e+00
 2.375366250e-05 3.686397133e+00 3.687886614e+00 0.000000000e+00
 2.391303750e-05 3.686397131e+00 3.687886526e+00 0.000000000e+00
 2.391772500e-05 3.686397131e+00 3.687886524e+00 0.000000000e+00
 2.407241250e-05 3.686397129e+00 3.687886438e+00 0.000000000e+00
 2.407710000e-05 3.686397129e+00 3.687886435e+00 0.000000000e+00
 2.408178750e-05 3.686397129e+00 3.687886433e+00 0.000000000e+00
 2.416616250e-05 3.686397129e+00 3.687886386e+00 0.000000000e+00
 2.424585000e-05 3.686397129e+00 3.687886342e+00 0.000000000e+00
 2.425053750e-05 3.686397129e+00 3.687886339e+00 0.000000000e+00
 2.440991250e-05 3.686397129e+00 3.687886251e+00 0.000000000e+00
 2.441460000e-05 3.686397129e+00 3.687886249e+00 0.000000000e+00
 2.447553750e-05 3.686397129e+00 3.687886215e+00 0.000000000e+00
 2.457397500e-05 3.686397129e+00 3.687886160e+00 0.000000000e+00
 2.457866250e-05 3.686397129e+00 3.687886158e+00 0.000000000e+00
 2.461147500e-05 3.686397129e+00 3.687886140e+00 0.000000000e+00
 2.473803750e-05 3.686397129e+00 3.687886070e+00 0.000000000e+00
 2.474272500e-05 3.686397129e+00 3.687886067e+00 0.000000000e+00
 2.485053750e-05 3.686397129e+00 3.687886007e+00 0.000000000e+00
 2.490210000e-05 3.686397129e+00 3.687885979e+00 0.000000000e+00
 2.490678750e-05 3.686397129e+00 3.687885976e+00 0.000000000e+00
 2.507085000e-05 3.686397128e+00 3.687885886e+00 0.000000000e+00
 2.507553750e-05 3.686397128e+00 3.687885883e+00 0.000000000e+00
 2.521616250e-05 3.686397128e+00 3.687885805e+00 0.000000000e+00
 2.523491250e-05 3.686397128e+00 3.687885795e+00 0.000000000e+00
 2.523960000e-05 3.686397128e+00 3.687885792e+00 0.000000000e+00
 2.537085000e-05 3.686397128e+00 3.687885720e+00 0.000000000e+00
 2.539897500e-05 3.686397128e+00 3.687885704e+00 0.000000000e+00
 2.540366250e-05 3.686397128e+00 3.687885701e+00 0.000000000e+00
 2.553022500e-05 3.686397128e+00 3.687885631e+00 0.000000000e+00
 2.556303750e-05 3.686397128e+00 3.687885613e+00 0.000000000e+00
 2.556772500e-05 3.686397128e+00 3.687885611e+00 0.000000000e+00
 2.569428750e-05 3.686397128e+00 3.687885541e+00 0.000000000e+00
 2.572710000e-05 3.686397128e+00 3.687885522e+00 0.000000000e+00
 2.573178750e-05 3.686397128e+00 3.687885520e+00 0.000000000e+00
 2.585835000e-05 3.686397127e+00 3.687885450e+00 0.000000000e+00
 2.589585000e-05 3.686397127e+00 3.687885429e+00 0.000000000e+00
 2.590053750e-05 3.686397127e+00 3.687885426e+00 0.000000000e+00
 2.602241250e-05 3.686397127e+00 3.687885359e+00 0.000000000e+00
 2.605991250e-05 3.686397127e+00 3.687885338e+00 0.000000000e+00
 2.606460000e-05 3.686397127e+00 3.687885336e+00 0.000000000e+00
 2.618178750e-05 3.686397127e+00 3.687885271e+00 0.000000000e+00
 2.622397500e-05 3.686397127e+00 3.687885248e+00 0.000000000e+00
 2.622866250e-05 3.686397127e+00 3.687885245e+00 0.000000000e+00
 2.634585000e-05 3.686397127e+00 3.687885180e+00 0.000000000e+00
 2.638803750e-05 3.686397127e+00 3.687885157e+00 0.000000000e+00
 2.639272500e-05 3.686397127e+00 3.687885154e+00 0.000000000e+00
 2.650522500e-05 3.686397127e+00 3.687885092e+00 0.000000000e+00
 2.655210000e-05 3.686397127e+00 3.687885066e+00 0.000000000e+00
 2.655678750e-05 3.686397127e+00 3.687885063e+00 0.000000000e+00
 2.656315322e-05 3.686397127e+00 -3.601602347e-01 0.000000000e+00
 2.656350177e-05 3.686397128e+00 -7.465333944e-05 0.000000000e+00
 2.656351240e-05 3.686397126e+00 -4.369208998e-05 0.000000000e+00
 2.659982997e-05 3.686397127e+00 -3.307052941e-08 0.000000000e+00
 2.660451747e-05 3.686397127e+00 3.251821161e-08 0.000000000e+00
 2.670295497e-05 3.686397126e+00 -2.271705487e-08 0.000000000e+00
 2.676389247e-05 3.686397126e+00 1.820340563e-08 0.000000000e+00
 2.676857997e-05 3.686397126e+00 -1.788805240e-08 0.000000000e+00
 2.687639247e-05 3.686397126e+00 1.208664675e-08 0.000000000e+00
 2.692795497e-05 3.686397126e+00 -1.001105688e-08 0.000000000e+00
 2.693264247e-05 3.686397126e+00 9.848957547e-09 0.000000000e+00
 2.700764247e-05 3.686397126e+00 7.496302070e-09 0.000000000e+00
 2.709201747e-05 3.686397126e+00 5.514490247e-09 0.000000000e+00
 2.709670497e-05 3.686397126e+00 -5.413862178e-09 0.000000000e+00
 2.723264247e-05 3.686397126e+00 3.306246887e-09 0.000000000e+00
 2.726076747e-05 3.686397126e+00 2.984796020e-09 0.000000000e+00
 2.726545497e-05 3.686397126e+00 -2.926976104e-09 0.000000000e+00
 2.741076747e-05 3.686397126e+00 1.730277490e-09 0.000000000e+00
 2.742482997e-05 3.686397126e+00 -1.636726137e-09 0.000000000e+00
 2.742951747e-05 3.686397126e+00 1.616339438e-09 0.000000000e+00
 2.757014247e-05 3.686397125e+00 9.701305607e-10 0.000000000e+00
 2.758889247e-05 3.686397125e+00 9.063547392e-10 0.000000000e+00
 2.759357997e-05 3.686397125e+00 -8.837067535e-10 0.000000000e+00
 2.772951747e-05 3.686397125e+00 5.446450092e-10 0.000000000e+00
 2.775295497e-05 3.686397125e+00 -4.930241065e-10 0.000000000e+00
 2.780451747e-05 3.686397125e+00 4.153759193e-10 0.000000000e+00
 2.785223375e-05 3.686397125e+00 7.056115590e-09 0.000000000e+00
 2.785692125e-05 3.686397125e+00 7.920114908e-09 0.000000000e+00
 2.796473375e-05 3.686397125e+00 2.779209898e-08 0.000000000e+00
 2.802098375e-05 3.686397125e+00 3.816009050e-08 0.000000000e+00
 2.802567125e-05 3.686397125e+00 3.902408979e-08 0.000000000e+00
 2.812879625e-05 3.686397125e+00 5.803207392e-08 0.000000000e+00
 2.818504625e-05 3.686397125e+00 6.840006510e-08 0.000000000e+00
 2.818973375e-05 3.686397125e+00 6.926406436e-08 0.000000000e+00
 2.829285875e-05 3.686397125e+00 8.827204787e-08 0.000000000e+00
 2.834910875e-05 3.686397125e+00 9.864003871e-08 0.000000000e+00
 2.835379625e-05 3.686397125e+00 9.950403794e-08 0.000000000e+00
 2.845223375e-05 3.686397124e+00 1.176480216e-07 0.000000000e+00
 2.851317125e-05 3.686397124e+00 1.288800113e-07 0.000000000e+00
 2.851785875e-05 3.686397124e+00 1.297440105e-07 0.000000000e+00
 2.861629625e-05 3.686397124e+00 1.478879936e-07 0.000000000e+00
 2.867723375e-05 3.686397124e+00 1.591199829e-07 0.000000000e+00
 2.868192125e-05 3.686397124e+00 1.599839821e-07 0.000000000e+00
 2.878035875e-05 3.686397124e+00 1.781279646e-07 0.000000000e+00
 2.884598375e-05 3.686397124e+00 1.902239527e-07 0.000000000e+00
 2.885067125e-05 3.686397124e+00 1.910879519e-07 0.000000000e+00
 2.893973375e-05 3.686397124e+00 2.075039355e-07 0.000000000e+00
 2.901004625e-05 3.686397124e+00 2.204639223e-07 0.000000000e+00
 2.901473375e-05 3.686397124e+00 2.213279214e-07 0.000000000e+00
 2.906350000e-05 3.685334441e+00 1.087664477e-01 1.000000000e+00
 2.911034340e-05 3.659788281e+00 3.300816995e+00 1.000000000e+00
 2.911971840e-05 3.660320061e+00 3.424641674e+00 1.000000000e+00
 2.912440590e-05 3.660792310e+00 3.467942463e+00 1.000000000e+00
 2.928378090e-05 3.685640939e+00 3.662459651e+00 1.000000000e+00
 2.928846840e-05 3.686170668e+00 3.663397982e+00 1.000000000e+00
 2.945253090e-05 3.695698488e+00 3.686408991e+00 1.000000000e+00
 2.945721840e-05 3.695759720e+00 3.686803998e+00 1.000000000e+00
 2.949003090e-05 3.695955710e+00 3.689208291e+00 1.000000000e+00
 2.961659340e-05 3.694090581e+00 3.693541748e+00 1.000000000e+00
 2.962128090e-05 3.693973875e+00 3.693583205e+00 1.000000000e+00
 2.964940590e-05 3.693241469e+00 3.693699615e+00 1.000000000e+00
 2.978065590e-05 3.689721181e+00 3.692196794e+00 1.000000000e+00
 2.978534340e-05 3.689606655e+00 3.692106354e+00 1.000000000e+00
 2.994471840e-05 3.686671793e+00 3.688857801e+00 1.000000000e+00
 2.994940590e-05 3.686615479e+00 3.688771192e+00 1.000000000e+00
 3.000200000e-05 3.686094065e+00 3.687886235e+00 0.000000000e+00
 3.004442125e-05 3.685804297e+00 3.687886211e+00 0.000000000e+00
 3.004910875e-05 3.685779130e+00 3.687886209e+00 0.000000000e+00
 3.016629625e-05 3.685502892e+00 3.687886144e+00 0.000000000e+00
 3.021317125e-05 3.685532412e+00 3.687886118e+00 0.000000000e+00
 3.021785875e-05 3.685538281e+00 3.687886115e+00 0.000000000e+00
 3.037723375e-05 3.685895375e+00 3.687886027e+00 0.000000000e+00
 3.038192125e-05 3.685907585e+00 3.687886025e+00 0.000000000e+00
 3.054129625e-05 3.686264536e+00 3.687885936e+00 0.000000000e+00
 3.054598375e-05 3.686272515e+00 3.687885934e+00 0.000000000e+00
 3.070535875e-05 3.686447666e+00 3.687885846e+00 0.000000000e+00
 3.071004625e-05 3.686450257e+00 3.687885843e+00 0.000000000e+00
 3.083660875e-05 3.686480726e+00 3.687885773e+00 0.000000000e+00
 3.086942125e-05 3.686479316e+00 3.687885755e+00 0.000000000e+00
 3.087410875e-05 3.686478901e+00 3.687885752e+00 0.000000000e+00
 3.103817125e-05 3.686446292e+00 3.687885661e+00 0.000000000e+00
 3.104285875e-05 3.686445148e+00 3.687885659e+00 0.000000000e+00
 3.120223375e-05 3.686411115e+00 3.687885571e+00 0.000000000e+00
 3.120692125e-05 3.686410341e+00 3.687885568e+00 0.000000000e+00
 3.136629625e-05 3.686393048e+00 3.687885480e+00 0.000000000e+00
 3.137098375e-05 3.686392783e+00 3.687885477e+00 0.000000000e+00
 3.150692125e-05 3.686389465e+00 3.687885402e+00 0.000000000e+00
 3.153035875e-05 3.686389536e+00 3.687885389e+00 0.000000000e+00
 3.153504625e-05 3.686389565e+00 3.687885387e+00 0.000000000e+00
 3.169442125e-05 3.686392368e+00 3.687885298e+00 0.000000000e+00
 3.169910875e-05 3.686392474e+00 3.687885296e+00 0.000000000e+00
 3.186317125e-05 3.686395819e+00 3.687885205e+00 0.000000000e+00
 3.186785875e-05 3.686395894e+00 3.687885202e+00 0.000000000e+00
 3.202723375e-05 3.686397598e+00 3.687885114e+00 0.000000000e+00
 3.203192125e-05 3.686397624e+00 3.687885112e+00 0.000000000e+00
 3.217723375e-05 3.686397982e+00 3.687885031e+00 0.000000000e+00
 3.219129625e-05 3.686397980e+00 3.687885023e+00 0.000000000e+00
 3.219598375e-05 3.686397978e+00 3.687885021e+00 0.000000000e+00
 3.235535875e-05 3.686397730e+00 3.687884933e+00 0.000000000e+00
 3.236004625e-05 3.686397720e+00 3.687884930e+00 0.000000000e+00
 3.252410875e-05 3.686397402e+00 3.687884839e+00 0.000000000e+00
 3.252879625e-05 3.686397395e+00 3.687884837e+00 0.000000000e+00
 3.268817125e-05 3.686397227e+00 3.687884749e+00 0.000000000e+00
 3.269285875e-05 3.686397224e+00 3.687884746e+00 0.000000000e+00
 3.284754625e-05 3.686397186e+00 3.687884660e+00 0.000000000e+00
 3.285223375e-05 3.686397186e+00 3.687884658e+00 0.000000000e+00
 3.285692125e-05 3.686397186e+00 3.687884655e+00 0.000000000e+00
 3.301629625e-05 3.686397207e+00 3.687884567e+00 0.000000000e+00
 3.302098375e-05 3.686397208e+00 3.687884564e+00 0.000000000e+00
 3.318035875e-05 3.686397237e+00 3.687884476e+00 0.000000000e+00
 3.318504625e-05 3.686397238e+00 3.687884474e+00 0.000000000e+00
 3.334910875e-05 3.686397255e+00 3.687884383e+00 0.000000000e+00
 3.335379625e-05 3.686397255e+00 3.687884380e+00 0.000000000e+00
 3.348504625e-05 3.686397259e+00 3.687884308e+00 0.000000000e+00
 3.351317125e-05 3.686397259e+00 3.687884292e+00 0.000000000e+00
 3.351785875e-05 3.686397259e+00 3.687884289e+00 0.000000000e+00
 3.367723375e-05 3.686397257e+00 3.687884201e+00 0.000000000e+00
 3.368192125e-05 3.686397257e+00 3.687884199e+00 0.000000000e+00
 3.384129625e-05 3.686397254e+00 3.687884111e+00 0.000000000e+00
 3.384598375e-05 3.686397253e+00 3.687884108e+00 0.000000000e+00
 3.399598375e-05 3.686397251e+00 3.687884025e+00 0.000000000e+00
 3.400535875e-05 3.686397251e+00 3.687884020e+00 0.000000000e+00
 3.401004625e-05 3.686397251e+00 3.687884017e+00 0.000000000e+00
 3.414598375e-05 3.686397251e+00 3.687883942e+00 0.000000000e+00
 3.417410875e-05 3.686397251e+00 3.687883927e+00 0.000000000e+00
 3.417879625e-05 3.686397251e+00 3.687883924e+00 0.000000000e+00
 3.427723375e-05 3.686397250e+00 3.687883869e+00 0.000000000e+00
 3.433817125e-05 3.686397250e+00 3.687883836e+00 0.000000000e+00
 3.434285875e-05 3.686397250e+00 3.687883833e+00 0.000000000e+00
 3.450223375e-05 3.686397250e+00 3.687883745e+00 0.000000000e+00
 3.450692125e-05 3.686397250e+00 3.687883742e+00 0.000000000e+00
 3.458192125e-05 3.686397250e+00 3.687883701e+00 0.000000000e+00
 3.466629625e-05 3.686397250e+00 3.687883654e+00 0.000000000e+00
 3.467098375e-05 3.686397250e+00 3.687883652e+00 0.000000000e+00
 3.480692125e-05 3.686397250e+00 3.687883576e+00 0.000000000e+00
 3.483504625e-05 3.686397250e+00 3.687883561e+00 0.000000000e+00
 3.483973375e-05 3.686397250e+00 3.687883558e+00 0.000000000e+00
 3.496629625e-05 3.686397250e+00 3.687883488e+00 0.000000000e+00
 3.499910875e-05 3.686397250e+00 3.687883470e+00 0.000000000e+00
 3.500379625e-05 3.686397250e+00 3.687883467e+00 0.000000000e+00
 3.511629625e-05 3.686397250e+00 3.687883405e+00 0.000000000e+00
 3.516317125e-05 3.686397250e+00 3.687883379e+00 0.000000000e+00
 3.516785875e-05 3.686397249e+00 3.687883377e+00 0.000000000e+00
 3.532254625e-05 3.686397249e+00 3.687883291e+00 0.000000000e+00
 3.532723375e-05 3.686397249e+00 3.687883289e+00 0.000000000e+00
 3.533192125e-05 3.686397249e+00 3.687883286e+00 0.000000000e+00
 3.548192125e-05 3.686397249e+00 3.687883203e+00 0.000000000e+00
 3.549129625e-05 3.686397249e+00 3.687883198e+00 0.000000000e+00
 3.549598375e-05 3.686397249e+00 3.687883195e+00 0.000000000e+00
 3.564598375e-05 3.686397249e+00 3.687883112e+00 0.000000000e+00
 3.566004625e-05 3.686397249e+00 3.687883104e+00 0.000000000e+00
 3.566473375e-05 3.686397249e+00 3.687883102e+00 0.000000000e+00
 3.581004625e-05 3.686397248e+00 3.687883021e+00 0.000000000e+00
 3.582410875e-05 3.686397248e+00 3.687883014e+00 0.000000000e+00
 3.582879625e-05 3.686397248e+00 3.687883011e+00 0.000000000e+00
 3.597410875e-05 3.686397248e+00 3.687882931e+00 0.000000000e+00
 3.598817125e-05 3.686397248e+00 3.687882923e+00 0.000000000e+00
 3.599285875e-05 3.686397248e+00 3.687882920e+00 0.000000000e+00
 3.613817125e-05 3.686397248e+00 3.687882840e+00 0.000000000e+00
 3.615223375e-05 3.686397248e+00 3.687882832e+00 0.000000000e+00
 3.615692125e-05 3.686397248e+00 3.687882829e+00 0.000000000e+00
 3.630223375e-05 3.686397247e+00 3.687882749e+00 0.000000000e+00
 3.631629625e-05 3.686397247e+00 3.687882741e+00 0.000000000e+00
 3.632098375e-05 3.686397247e+00 3.687882739e+00 0.000000000e+00
 3.646160875e-05 3.686397247e+00 3.687882661e+00 0.000000000e+00
 3.648504625e-05 3.686397247e+00 3.687882648e+00 0.000000000e+00
 3.648973375e-05 3.686397247e+00 3.687882645e+00 0.000000000e+00
 3.656310309e-05 3.686397247e+00 -3.952388401e-01 0.000000000e+00
 3.656317524e-05 3.686397247e+00 1.882849520e-02 0.000000000e+00
 3.656333440e-05 3.686397247e+00 3.099489766e-06 0.000000000e+00
 3.656337443e-05 3.686397247e+00 -1.252069931e-09 0.000000000e+00
 3.656350000e-05 3.686397247e+00 -5.795560276e-11 0.000000000e+00
 3.666325914e-05 3.686397246e+00 3.788079733e-12 0.000000000e+00
 3.667732164e-05 3.686397246e+00 3.589789977e-12 0.000000000e+00
 3.668200914e-05 3.686397246e+00 3.781369687e-12 0.000000000e+00
 3.680857164e-05 3.686397246e+00 3.626491299e-12 0.000000000e+00
 3.684138414e-05 3.686397246e+00 3.739557230e-12 0.000000000e+00
 3.684607164e-05 3.686397246e+00 3.634136834e-12 0.000000000e+00
 3.694450914e-05 3.686397246e+00 3.722916152e-12 0.000000000e+00
 3.700544664e-05 3.686397246e+00 3.657144937e-12 0.000000000e+00
 3.701013414e-05 3.686397246e+00 3.715154524e-12 0.000000000e+00
 3.715544664e-05 3.686397246e+00 3.669454968e-12 0.000000000e+00
 3.717419664e-05 3.686397246e+00 3.670572992e-12 0.000000000e+00
 3.717888414e-05 3.686397246e+00 3.701953702e-12 0.000000000e+00
 3.728200914e-05 3.686397245e+00 3.697083943e-12 0.000000000e+00
 3.733825914e-05 3.686397245e+00 3.695104831e-12 0.000000000e+00
 3.734294664e-05 3.686397245e+00 3.677836996e-12 0.000000000e+00
 3.745075914e-05 3.686397245e+00 3.692178289e-12 0.000000000e+00
 3.750232164e-05 3.686397245e+00 3.681605717e-12 0.000000000e+00
 3.750700914e-05 3.686397245e+00 3.691107674e-12 0.000000000e+00
 3.766169664e-05 3.686397245e+00 3.683715226e-12 0.000000000e+00
 3.766638414e-05 3.686397245e+00 3.689033862e-12 0.000000000e+00
 3.767107164e-05 3.686397245e+00 3.683805229e-12 0.000000000e+00
 3.776950914e-05 3.686397245e+00 3.688208499e-12 0.000000000e+00
 3.781393750e-05 3.686397245e+00 3.686390319e-12 0.000000000e+00
 3.781403437e-05 3.686397245e+00 1.261440038e-11 0.000000000e+00
 3.792723375e-05 3.686397244e+00 2.087750732e-08 0.000000000e+00
 3.793192125e-05 3.686397244e+00 2.174150665e-08 0.000000000e+00
 3.793660875e-05 3.686397244e+00 2.260550599e-08 0.000000000e+00
 3.809129625e-05 3.686397244e+00 5.111748347e-08 0.000000000e+00
 3.809598375e-05 3.686397244e+00 5.198148277e-08 0.000000000e+00
 3.810067125e-05 3.686397244e+00 5.284548208e-08 0.000000000e+00
 3.825535875e-05 3.686397244e+00 8.135745862e-08 0.000000000e+00
 3.826004625e-05 3.686397244e+00 8.222145790e-08 0.000000000e+00
 3.826473375e-05 3.686397244e+00 8.308545717e-08 0.000000000e+00
 3.841942125e-05 3.686397243e+00 1.115974328e-07 0.000000000e+00
 3.842410875e-05 3.686397243e+00 1.124614320e-07 0.000000000e+00
 3.842879625e-05 3.686397243e+00 1.133254313e-07 0.000000000e+00
 3.858348375e-05 3.686397243e+00 1.418374060e-07 0.000000000e+00
 3.859285875e-05 3.686397243e+00 1.435654044e-07 0.000000000e+00
 3.859754625e-05 3.686397243e+00 1.444294036e-07 0.000000000e+00
 3.874754625e-05 3.686397243e+00 1.720773781e-07 0.000000000e+00
 3.875692125e-05 3.686397243e+00 1.738053765e-07 0.000000000e+00
 3.876160875e-05 3.686397243e+00 1.746693757e-07 0.000000000e+00
 3.890692125e-05 3.686397243e+00 2.014533501e-07 0.000000000e+00
 3.892098375e-05 3.686397243e+00 2.040453476e-07 0.000000000e+00
 3.892567125e-05 3.686397243e+00 2.049093468e-07 0.000000000e+00
 3.901942125e-05 3.686397242e+00 2.221893298e-07 0.000000000e+00
 3.906293750e-05 3.686397242e+00 2.302102370e-07 4.375000000e-01
 3.906302270e-05 3.686320661e+00 7.827817101e-03 5.227042699e-01
 3.906350000e-05 3.685474047e+00 9.446743769e-02 1.000000000e+00
 3.910742914e-05 3.659774202e+00 3.247257957e+00 1.000000000e+00
 3.917305414e-05 3.668725978e+00 3.623429426e+00 1.000000000e+00
 3.917774164e-05 3.669572176e+00 3.627441394e+00 1.000000000e+00
 3.934180414e-05 3.691085697e+00 3.672915345e+00 1.000000000e+00
 3.934649164e-05 3.691424965e+00 3.673655938e+00 1.000000000e+00
 3.949180414e-05 3.695955778e+00 3.689315962e+00 1.000000000e+00
 3.950586664e-05 3.695920872e+00 3.690149681e+00 1.000000000e+00
 3.951055414e-05 3.695896216e+00 3.690404493e+00 1.000000000e+00
 3.965117914e-05 3.693196118e+00 3.693700024e+00 1.000000000e+00
 3.966992914e-05 3.692685931e+00 3.693657706e+00 1.000000000e+00
 3.967461664e-05 3.692556995e+00 3.693634855e+00 1.000000000e+00
 3.983399164e-05 3.688506468e+00 3.691114468e+00 1.000000000e+00
 3.983867914e-05 3.688409276e+00 3.691015659e+00 1.000000000e+00
 4.000000000e-05 3.686111185e+00 3.687910750e+00 1.000000000e+00
