 time v(n_io0) v(n_rts) i(v_ic_q1)
 0.000000000e+00 3.317999867e+00 0.000000000e+00 9.970092816e-12
 1.260000000e-11 3.317999867e+00 0.000000000e+00 9.970142878e-12
 2.016000000e-10 3.317999867e+00 0.000000000e+00 9.970083270e-12
 4.955328000e-07 3.317999867e+00 0.000000000e+00 9.970092772e-12
 9.995328000e-07 3.317999867e+00 0.000000000e+00 9.970092772e-12
 1.503532800e-06 3.317999867e+00 0.000000000e+00 9.970092772e-12
 2.007532800e-06 3.317999867e+00 0.000000000e+00 9.970092772e-12
 2.511532800e-06 3.317999867e+00 0.000000000e+00 9.970092772e-12
 3.015532800e-06 3.317999867e+00 0.000000000e+00 9.970092772e-12
 3.519532800e-06 3.317999867e+00 0.000000000e+00 9.970092772e-12
 4.023532800e-06 3.317999867e+00 0.000000000e+00 9.970092772e-12
 4.527532800e-06 3.317999867e+00 0.000000000e+00 9.970092772e-12
 5.031532800e-06 3.317999867e+00 0.000000000e+00 9.970092772e-12
 5.535532800e-06 3.317999867e+00 0.000000000e+00 9.970092772e-12
 6.010000000e-06 3.773458147e+00 3.318000000e+00 -4.554581849e-05
 6.010882000e-06 3.794039964e+00 3.318000000e+00 -4.760400019e-05
 6.030790000e-06 1.389628568e-01 3.318000000e+00 3.179037142e-04
 6.032050000e-06 1.067779104e-01 3.318000000e+00 3.211222088e-04
 6.536050000e-06 2.982081927e-02 3.318000000e+00 3.288179180e-04
 6.537310000e-06 2.982081850e-02 3.318000000e+00 3.288179181e-04
 6.917830000e-06 2.982079615e-02 3.318000000e+00 3.288179204e-04
 6.935470000e-06 2.982079615e-02 3.318000000e+00 3.288179204e-04
 7.041310000e-06 2.982079615e-02 3.318000000e+00 3.288179204e-04
 7.545310000e-06 2.982079615e-02 3.318000000e+00 3.288179204e-04
 8.049310000e-06 2.982079615e-02 3.318000000e+00 3.288179204e-04
 8.553310000e-06 2.982079615e-02 3.318000000e+00 3.288179204e-04
 9.057310000e-06 2.982079615e-02 3.318000000e+00 3.288179204e-04
 9.561310000e-06 2.982079615e-02 3.318000000e+00 3.288179204e-04
 1.006531000e-05 2.982079615e-02 3.318000000e+00 3.288179204e-04
 1.056931000e-05 2.982079615e-02 3.318000000e+00 3.288179204e-04
 1.107331000e-05 2.982079615e-02 3.318000000e+00 3.288179204e-04
 1.157731000e-05 2.982079615e-02 3.318000000e+00 3.288179204e-04
 1.208131000e-05 2.982079615e-02 3.318000000e+00 3.288179204e-04
 1.258657000e-05 2.982079615e-02 3.318000000e+00 3.288179204e-04
 1.309057000e-05 2.982079615e-02 3.318000000e+00 3.288179204e-04
 1.359457000e-05 2.982079615e-02 3.318000000e+00 3.288179204e-04
 1.409857000e-05 2.982079615e-02 3.318000000e+00 3.288179204e-04
 1.460257000e-05 2.982079615e-02 3.318000000e+00 3.288179204e-04
 1.510657000e-05 2.982079615e-02 3.318000000e+00 3.288179204e-04
 1.561057000e-05 2.982079615e-02 3.318000000e+00 3.288179204e-04
 1.611457000e-05 2.982079615e-02 3.318000000e+00 3.288179204e-04
 1.661857000e-05 2.982079615e-02 3.318000000e+00 3.288179204e-04
 1.712257000e-05 2.982079615e-02 3.318000000e+00 3.288179204e-04
 1.762657000e-05 2.982079615e-02 3.318000000e+00 3.288179204e-04
 1.813057000e-05 2.982079615e-02 3.318000000e+00 3.288179204e-04
 1.863457000e-05 2.982079615e-02 3.318000000e+00 3.288179204e-04
 1.913983000e-05 2.982079615e-02 3.318000000e+00 3.288179204e-04
 1.964383000e-05 2.982079615e-02 3.318000000e+00 3.288179204e-04
 2.014783000e-05 2.982079615e-02 3.318000000e+00 3.288179204e-04
 2.065183000e-05 2.982079615e-02 3.318000000e+00 3.288179204e-04
 2.115583000e-05 2.982079615e-02 3.318000000e+00 3.288179204e-04
 2.165983000e-05 2.982079615e-02 3.318000000e+00 3.288179204e-04
 2.216383000e-05 2.982079615e-02 3.318000000e+00 3.288179204e-04
 2.266783000e-05 2.982079615e-02 3.318000000e+00 3.288179204e-04
 2.317183000e-05 2.982079615e-02 3.318000000e+00 3.288179204e-04
 2.367583000e-05 2.982079615e-02 3.318000000e+00 3.288179204e-04
 2.417983000e-05 2.982079615e-02 3.318000000e+00 3.288179204e-04
 2.468383000e-05 2.982079615e-02 3.318000000e+00 3.288179204e-04
 2.518909000e-05 2.982079615e-02 3.318000000e+00 3.288179204e-04
 2.569309000e-05 2.982079615e-02 3.318000000e+00 3.288179204e-04
 2.619709000e-05 2.982079615e-02 3.318000000e+00 3.288179204e-04
 2.670109000e-05 2.982079615e-02 3.318000000e+00 3.288179204e-04
 2.720509000e-05 2.982079615e-02 3.318000000e+00 3.288179204e-04
 2.770909000e-05 2.982079615e-02 3.318000000e+00 3.288179204e-04
 2.821309000e-05 2.982079615e-02 3.318000000e+00 3.288179204e-04
 2.871709000e-05 2.982079615e-02 3.318000000e+00 3.288179204e-04
 2.922109000e-05 2.982079615e-02 3.318000000e+00 3.288179204e-04
 2.972509000e-05 2.982079615e-02 3.318000000e+00 3.288179204e-04
 3.022909000e-05 2.982079615e-02 3.318000000e+00 3.288179204e-04
 3.073309000e-05 2.982079615e-02 3.318000000e+00 3.288179204e-04
 3.123709000e-05 2.982079615e-02 3.318000000e+00 3.288179204e-04
 3.174235000e-05 2.982079615e-02 3.318000000e+00 3.288179204e-04
 3.224635000e-05 2.982079615e-02 3.318000000e+00 3.288179204e-04
 3.275035000e-05 2.982079615e-02 3.318000000e+00 3.288179204e-04
 3.325435000e-05 2.982079615e-02 3.318000000e+00 3.288179204e-04
 3.375835000e-05 2.982079615e-02 3.318000000e+00 3.288179204e-04
 3.426235000e-05 2.982079615e-02 3.318000000e+00 3.288179204e-04
 3.476635000e-05 2.982079615e-02 3.318000000e+00 3.288179204e-04
 3.527035000e-05 2.982079615e-02 3.318000000e+00 3.288179204e-04
 3.577435000e-05 2.982079615e-02 3.318000000e+00 3.288179204e-04
 3.627835000e-05 2.982079615e-02 3.318000000e+00 3.288179204e-04
 3.678235000e-05 2.982079615e-02 3.318000000e+00 3.288179204e-04
 3.728635000e-05 2.982079615e-02 3.318000000e+00 3.288179204e-04
 3.779161000e-05 2.982079615e-02 3.318000000e+00 3.288179204e-04
 3.829561000e-05 2.982079615e-02 3.318000000e+00 3.288179204e-04
 3.879961000e-05 2.982079615e-02 3.318000000e+00 3.288179204e-04
 3.930361000e-05 2.982079615e-02 3.318000000e+00 3.288179204e-04
 3.980761000e-05 2.982079615e-02 3.318000000e+00 3.288179204e-04
 4.031161000e-05 2.982079615e-02 3.318000000e+00 3.288179204e-04
 4.081561000e-05 2.982079615e-02 3.318000000e+00 3.288179204e-04
 4.131961000e-05 2.982079615e-02 3.318000000e+00 3.288179204e-04
 4.182361000e-05 2.982079615e-02 3.318000000e+00 3.288179204e-04
 4.232761000e-05 2.982079615e-02 3.318000000e+00 3.288179204e-04
 4.283161000e-05 2.982079615e-02 3.318000000e+00 3.288179204e-04
 4.333561000e-05 2.982079615e-02 3.318000000e+00 3.288179204e-04
 4.383961000e-05 2.982079615e-02 3.318000000e+00 3.288179204e-04
 4.434487000e-05 2.982079615e-02 3.318000000e+00 3.288179204e-04
 4.484887000e-05 2.982079615e-02 3.318000000e+00 3.288179204e-04
 4.535287000e-05 2.982079615e-02 3.318000000e+00 3.288179204e-04
 4.585687000e-05 2.982079615e-02 3.318000000e+00 3.288179204e-04
 4.636087000e-05 2.982079615e-02 3.318000000e+00 3.288179204e-04
 4.686487000e-05 2.982079615e-02 3.318000000e+00 3.288179204e-04
 4.736887000e-05 2.982079615e-02 3.318000000e+00 3.288179204e-04
 4.787287000e-05 2.982079615e-02 3.318000000e+00 3.288179204e-04
 4.837687000e-05 2.982079615e-02 3.318000000e+00 3.288179204e-04
 4.888087000e-05 2.982079615e-02 3.318000000e+00 3.288179204e-04
 4.938487000e-05 2.982079615e-02 3.318000000e+00 3.288179204e-04
 4.988887000e-05 2.982079615e-02 3.318000000e+00 3.288179204e-04
 5.039413000e-05 2.982079615e-02 3.318000000e+00 3.288179204e-04
 5.089813000e-05 2.982079615e-02 3.318000000e+00 3.288179204e-04
 5.140213000e-05 2.982079615e-02 3.318000000e+00 3.288179204e-04
 5.190613000e-05 2.982079615e-02 3.318000000e+00 3.288179204e-04
 5.241013000e-05 2.982079615e-02 3.318000000e+00 3.288179204e-04
 5.291413000e-05 2.982079615e-02 3.318000000e+00 3.288179204e-04
 5.341813000e-05 2.982079615e-02 3.318000000e+00 3.288179204e-04
 5.392213000e-05 2.982079615e-02 3.318000000e+00 3.288179204e-04
 5.442613000e-05 2.982079615e-02 3.318000000e+00 3.288179204e-04
 5.493013000e-05 2.982079615e-02 3.318000000e+00 3.288179204e-04
 5.543413000e-05 2.982079615e-02 3.318000000e+00 3.288179204e-04
 5.593813000e-05 2.982079615e-02 3.318000000e+00 3.288179204e-04
 5.644213000e-05 2.982079615e-02 3.318000000e+00 3.288179204e-04
 5.694739000e-05 2.982079615e-02 3.318000000e+00 3.288179204e-04
 5.745139000e-05 2.982079615e-02 3.318000000e+00 3.288179204e-04
 5.795539000e-05 2.982079615e-02 3.318000000e+00 3.288179204e-04
 5.845939000e-05 2.982079615e-02 3.318000000e+00 3.288179204e-04
 5.896339000e-05 2.982079615e-02 3.318000000e+00 3.288179204e-04
 5.946739000e-05 2.982079615e-02 3.318000000e+00 3.288179204e-04
 5.997139000e-05 2.982079615e-02 3.318000000e+00 3.288179204e-04
 6.047539000e-05 2.982079615e-02 3.318000000e+00 3.288179204e-04
 6.097939000e-05 2.982079615e-02 3.318000000e+00 3.288179204e-04
 6.148339000e-05 2.982079615e-02 3.318000000e+00 3.288179204e-04
 6.198739000e-05 2.982079615e-02 3.318000000e+00 3.288179204e-04
 6.249139000e-05 2.982079615e-02 3.318000000e+00 3.288179204e-04
 6.299665000e-05 2.982079615e-02 3.318000000e+00 3.288179204e-04
 6.350065000e-05 2.982079615e-02 3.318000000e+00 3.288179204e-04
 6.400465000e-05 2.982079615e-02 3.318000000e+00 3.288179204e-04
 6.450865000e-05 2.982079615e-02 3.318000000e+00 3.288179204e-04
 6.501265000e-05 2.982079615e-02 3.318000000e+00 3.288179204e-04
 6.551665000e-05 2.982079615e-02 3.318000000e+00 3.288179204e-04
 6.602065000e-05 2.982079615e-02 3.318000000e+00 3.288179204e-04
 6.652465000e-05 2.982079615e-02 3.318000000e+00 3.288179204e-04
 6.702865000e-05 2.982079615e-02 3.318000000e+00 3.288179204e-04
 6.753265000e-05 2.982079615e-02 3.318000000e+00 3.288179204e-04
 6.803665000e-05 2.982079615e-02 3.318000000e+00 3.288179204e-04
 6.854065000e-05 2.982079615e-02 3.318000000e+00 3.288179204e-04
 6.901012600e-05 1.304793918e-02 0.000000000e+00 3.304952061e-04
 6.901189000e-05 1.220425846e-02 0.000000000e+00 3.305795741e-04
 6.903709000e-05 2.501615018e-02 0.000000000e+00 3.292983850e-04
 6.954109000e-05 3.317962250e+00 0.000000000e+00 3.771651047e-09
 6.954235000e-05 3.317963396e+00 0.000000000e+00 3.657093541e-09
 7.004383000e-05 3.317999867e+00 0.000000000e+00 9.986542123e-12
 7.004509000e-05 3.317999867e+00 0.000000000e+00 9.986040342e-12
 7.004635000e-05 3.317999867e+00 0.000000000e+00 9.985554276e-12
 7.008037000e-05 3.317999867e+00 0.000000000e+00 9.976800182e-12
 7.044325000e-05 3.317999867e+00 0.000000000e+00 9.970092277e-12
 7.055035000e-05 3.317999867e+00 0.000000000e+00 9.970094032e-12
 7.105435000e-05 3.317999867e+00 0.000000000e+00 9.970094032e-12
 7.155835000e-05 3.317999867e+00 0.000000000e+00 9.970094032e-12
 7.206235000e-05 3.317999867e+00 0.000000000e+00 9.970094032e-12
 7.256635000e-05 3.317999867e+00 0.000000000e+00 9.970094032e-12
 7.307035000e-05 3.317999867e+00 0.000000000e+00 9.970094032e-12
 7.357435000e-05 3.317999867e+00 0.000000000e+00 9.970094032e-12
 7.407835000e-05 3.317999867e+00 0.000000000e+00 9.970094032e-12
 7.458235000e-05 3.317999867e+00 0.000000000e+00 9.970094032e-12
 7.508635000e-05 3.317999867e+00 0.000000000e+00 9.970094032e-12
 7.559161000e-05 3.317999867e+00 0.000000000e+00 9.970094032e-12
 7.609561000e-05 3.317999867e+00 0.000000000e+00 9.970094032e-12
 7.659961000e-05 3.317999867e+00 0.000000000e+00 9.970094032e-12
 7.710361000e-05 3.317999867e+00 0.000000000e+00 9.970094032e-12
 7.760761000e-05 3.317999867e+00 0.000000000e+00 9.970094032e-12
 7.811161000e-05 3.317999867e+00 0.000000000e+00 9.970094032e-12
 7.861561000e-05 3.317999867e+00 0.000000000e+00 9.970094032e-12
 7.911961000e-05 3.317999867e+00 0.000000000e+00 9.970094032e-12
 7.962361000e-05 3.317999867e+00 0.000000000e+00 9.970094032e-12
 8.012761000e-05 3.317999867e+00 0.000000000e+00 9.970094032e-12
 8.063161000e-05 3.317999867e+00 0.000000000e+00 9.970094032e-12
 8.113561000e-05 3.317999867e+00 0.000000000e+00 9.970094032e-12
 8.163961000e-05 3.317999867e+00 0.000000000e+00 9.970094032e-12
 8.214487000e-05 3.317999867e+00 0.000000000e+00 9.970094032e-12
 8.264887000e-05 3.317999867e+00 0.000000000e+00 9.970094032e-12
 8.315287000e-05 3.317999867e+00 0.000000000e+00 9.970094032e-12
 8.365687000e-05 3.317999867e+00 0.000000000e+00 9.970094032e-12
 8.416087000e-05 3.317999867e+00 0.000000000e+00 9.970094032e-12
 8.466487000e-05 3.317999867e+00 0.000000000e+00 9.970094032e-12
 8.516887000e-05 3.317999867e+00 0.000000000e+00 9.970094032e-12
 8.567287000e-05 3.317999867e+00 0.000000000e+00 9.970094032e-12
 8.617687000e-05 3.317999867e+00 0.000000000e+00 9.970094032e-12
 8.668087000e-05 3.317999867e+00 0.000000000e+00 9.970094032e-12
 8.718487000e-05 3.317999867e+00 0.000000000e+00 9.970094032e-12
 8.768887000e-05 3.317999867e+00 0.000000000e+00 9.970094032e-12
 8.819413000e-05 3.317999867e+00 0.000000000e+00 9.970094032e-12
 8.869813000e-05 3.317999867e+00 0.000000000e+00 9.970094032e-12
 8.920213000e-05 3.317999867e+00 0.000000000e+00 9.970094032e-12
 8.970613000e-05 3.317999867e+00 0.000000000e+00 9.970094032e-12
 9.021013000e-05 3.317999867e+00 0.000000000e+00 9.970094032e-12
 9.071413000e-05 3.317999867e+00 0.000000000e+00 9.970094032e-12
 9.121813000e-05 3.317999867e+00 0.000000000e+00 9.970094032e-12
 9.172213000e-05 3.317999867e+00 0.000000000e+00 9.970094032e-12
 9.222613000e-05 3.317999867e+00 0.000000000e+00 9.970094032e-12
 9.273013000e-05 3.317999867e+00 0.000000000e+00 9.970094032e-12
 9.323413000e-05 3.317999867e+00 0.000000000e+00 9.970094032e-12
 9.373813000e-05 3.317999867e+00 0.000000000e+00 9.970094032e-12
 9.424213000e-05 3.317999867e+00 0.000000000e+00 9.970094032e-12
 9.474739000e-05 3.317999867e+00 0.000000000e+00 9.970094032e-12
 9.525139000e-05 3.317999867e+00 0.000000000e+00 9.970094032e-12
 9.575539000e-05 3.317999867e+00 0.000000000e+00 9.970094032e-12
 9.625939000e-05 3.317999867e+00 0.000000000e+00 9.970094032e-12
 9.676339000e-05 3.317999867e+00 0.000000000e+00 9.970094032e-12
 9.726739000e-05 3.317999867e+00 0.000000000e+00 9.970094032e-12
 9.777139000e-05 3.317999867e+00 0.000000000e+00 9.970094032e-12
 9.827539000e-05 3.317999867e+00 0.000000000e+00 9.970094032e-12
 9.877939000e-05 3.317999867e+00 0.000000000e+00 9.970094032e-12
 9.928339000e-05 3.317999867e+00 0.000000000e+00 9.970094032e-12
 9.978739000e-05 3.317999867e+00 0.000000000e+00 9.970094032e-12
 1.002913900e-04 3.317999867e+00 0.000000000e+00 9.970094032e-12
 1.007966500e-04 3.317999867e+00 0.000000000e+00 9.970094032e-12
 1.013006500e-04 3.317999867e+00 0.000000000e+00 9.970094032e-12
 1.018046500e-04 3.317999867e+00 0.000000000e+00 9.970094032e-12
 1.023086500e-04 3.317999867e+00 0.000000000e+00 9.970094032e-12
 1.028126500e-04 3.317999867e+00 0.000000000e+00 9.970094032e-12
 1.033166500e-04 3.317999867e+00 0.000000000e+00 9.970094032e-12
 1.038206500e-04 3.317999867e+00 0.000000000e+00 9.970094032e-12
 1.043246500e-04 3.317999867e+00 0.000000000e+00 9.970094032e-12
 1.048286500e-04 3.317999867e+00 0.000000000e+00 9.970094032e-12
 1.053326500e-04 3.317999867e+00 0.000000000e+00 9.970094032e-12
 1.058366500e-04 3.317999867e+00 0.000000000e+00 9.970094032e-12
 1.063406500e-04 3.317999867e+00 0.000000000e+00 9.970094032e-12
 1.068446500e-04 3.317999867e+00 0.000000000e+00 9.970094032e-12
 1.073499100e-04 3.317999867e+00 0.000000000e+00 9.970094032e-12
 1.078539100e-04 3.317999867e+00 0.000000000e+00 9.970094032e-12
 1.083579100e-04 3.317999867e+00 0.000000000e+00 9.970094032e-12
 1.088619100e-04 3.317999867e+00 0.000000000e+00 9.970094032e-12
 1.093659100e-04 3.317999867e+00 0.000000000e+00 9.970094032e-12
 1.098699100e-04 3.317999867e+00 0.000000000e+00 9.970094032e-12
 1.103739100e-04 3.317999867e+00 0.000000000e+00 9.970094032e-12
 1.108779100e-04 3.317999867e+00 0.000000000e+00 9.970094032e-12
 1.113819100e-04 3.317999867e+00 0.000000000e+00 9.970094032e-12
 1.118859100e-04 3.317999867e+00 0.000000000e+00 9.970094032e-12
 1.123899100e-04 3.317999867e+00 0.000000000e+00 9.970094032e-12
 1.128939100e-04 3.317999867e+00 0.000000000e+00 9.970094032e-12
 1.133991700e-04 3.317999867e+00 0.000000000e+00 9.970094032e-12
 1.139031700e-04 3.317999867e+00 0.000000000e+00 9.970094032e-12
 1.144071700e-04 3.317999867e+00 0.000000000e+00 9.970094032e-12
 1.149111700e-04 3.317999867e+00 0.000000000e+00 9.970094032e-12
 1.154151700e-04 3.317999867e+00 0.000000000e+00 9.970094032e-12
 1.159191700e-04 3.317999867e+00 0.000000000e+00 9.970094032e-12
 1.164231700e-04 3.317999867e+00 0.000000000e+00 9.970094032e-12
 1.169271700e-04 3.317999867e+00 0.000000000e+00 9.970094032e-12
 1.174311700e-04 3.317999867e+00 0.000000000e+00 9.970094032e-12
 1.179351700e-04 3.317999867e+00 0.000000000e+00 9.970094032e-12
 1.184391700e-04 3.317999867e+00 0.000000000e+00 9.970094032e-12
 1.189431700e-04 3.317999867e+00 0.000000000e+00 9.970094032e-12
 1.194471700e-04 3.317999867e+00 0.000000000e+00 9.970094032e-12
 1.199524300e-04 3.317999867e+00 0.000000000e+00 9.970094032e-12
 1.204564300e-04 3.317999867e+00 0.000000000e+00 9.970094032e-12
 1.209604300e-04 3.317999867e+00 0.000000000e+00 9.970094032e-12
 1.214644300e-04 3.317999867e+00 0.000000000e+00 9.970094032e-12
 1.219684300e-04 3.317999867e+00 0.000000000e+00 9.970094032e-12
 1.224724300e-04 3.317999867e+00 0.000000000e+00 9.970094032e-12
 1.229764300e-04 3.317999867e+00 0.000000000e+00 9.970094032e-12
 1.234804300e-04 3.317999867e+00 0.000000000e+00 9.970094032e-12
 1.239844300e-04 3.317999867e+00 0.000000000e+00 9.970094032e-12
 1.244884300e-04 3.317999867e+00 0.000000000e+00 9.970094032e-12
 1.249924300e-04 3.317999867e+00 0.000000000e+00 9.970094032e-12
 1.254964300e-04 3.317999867e+00 0.000000000e+00 9.970094032e-12
 1.259989550e-04 3.317999867e+00 0.000000000e+00 9.970093279e-12
 1.260000000e-04 3.317999867e+00 0.000000000e+00 9.970093579e-12
