 time v(n_en) v(n_dtr) i(v_ic_q2)
 0.000000000e+00 3.317999867e+00 0.000000000e+00 9.970092816e-12
 2.520000000e-08 3.317999867e+00 0.000000000e+00 9.970093095e-12
 5.040000000e-08 3.317999867e+00 0.000000000e+00 9.970092718e-12
 4.955328000e-04 3.317999867e+00 0.000000000e+00 9.970092891e-12
 4.967928000e-04 3.317999867e+00 0.000000000e+00 9.970092737e-12
 9.995328000e-04 3.317999867e+00 0.000000000e+00 9.970092891e-12
 1.000792800e-03 3.317999867e+00 0.000000000e+00 9.970092737e-12
 1.503532800e-03 3.317999867e+00 0.000000000e+00 9.970092891e-12
 1.504792800e-03 3.317999867e+00 0.000000000e+00 9.970092737e-12
 2.007532800e-03 3.317999867e+00 0.000000000e+00 9.970092891e-12
 2.008792800e-03 3.317999867e+00 0.000000000e+00 9.970092737e-12
 2.512792800e-03 3.317999867e+00 0.000000000e+00 9.970092737e-12
 2.514052800e-03 3.317999867e+00 0.000000000e+00 9.970092891e-12
 3.016792800e-03 3.317999867e+00 0.000000000e+00 9.970092737e-12
 3.018052800e-03 3.317999867e+00 0.000000000e+00 9.970092891e-12
 3.520792800e-03 3.317999867e+00 0.000000000e+00 9.970092737e-12
 3.522052800e-03 3.317999867e+00 0.000000000e+00 9.970092891e-12
 4.024792800e-03 3.317999867e+00 0.000000000e+00 9.970092737e-12
 4.026052800e-03 3.317999867e+00 0.000000000e+00 9.970092891e-12
 4.528792800e-03 3.317999867e+00 0.000000000e+00 9.970092737e-12
 4.530052800e-03 3.317999867e+00 0.000000000e+00 9.970092891e-12
 5.034052800e-03 3.317999867e+00 0.000000000e+00 9.970092891e-12
 5.035312800e-03 3.317999867e+00 0.000000000e+00 9.970092737e-12
 5.538052800e-03 3.317999867e+00 0.000000000e+00 9.970092891e-12
 6.000010000e-03 3.318000800e+00 3.318000000e+00 -1.626780980e-04
 6.000011438e-03 3.318001014e+00 3.318000000e+00 -1.335085193e-04
 6.000878718e-03 3.147643598e+00 3.318000000e+00 2.283842234e-01
 6.017934548e-03 7.550725053e-02 3.318000000e+00 6.146559487e-03
 6.019194547e-03 6.897457553e-02 3.318000000e+00 4.871917730e-03
 6.506814547e-03 2.982079615e-02 3.318000000e+00 4.244594770e-04
 6.510594547e-03 2.982079615e-02 3.318000000e+00 2.331763637e-04
 6.523194547e-03 2.982079615e-02 3.318000000e+00 2.331763637e-04
 6.524454548e-03 2.982079615e-02 3.318000000e+00 4.244594770e-04
 6.571074547e-03 2.982079615e-02 3.318000000e+00 2.331763637e-04
 7.027194547e-03 2.982079615e-02 3.318000000e+00 2.331763637e-04
 7.028454548e-03 2.982079615e-02 3.318000000e+00 4.244594770e-04
 7.532454548e-03 2.982079615e-02 3.318000000e+00 4.244594770e-04
 7.533714547e-03 2.982079615e-02 3.318000000e+00 2.331763637e-04
 8.036454548e-03 2.982079615e-02 3.318000000e+00 4.244594770e-04
 8.037714547e-03 2.982079615e-02 3.318000000e+00 2.331763637e-04
 8.540454547e-03 2.982079615e-02 3.318000000e+00 4.244594770e-04
 8.541714548e-03 2.982079615e-02 3.318000000e+00 2.331763637e-04
 9.044454548e-03 2.982079615e-02 3.318000000e+00 4.244594770e-04
 9.045714548e-03 2.982079615e-02 3.318000000e+00 2.331763637e-04
 9.548454547e-03 2.982079615e-02 3.318000000e+00 4.244594770e-04
 9.549714547e-03 2.982079615e-02 3.318000000e+00 2.331763637e-04
 1.005371455e-02 2.982079615e-02 3.318000000e+00 2.331763637e-04
 1.005497455e-02 2.982079615e-02 3.318000000e+00 4.244594770e-04
 1.055771455e-02 2.982079615e-02 3.318000000e+00 2.331763637e-04
 1.055897455e-02 2.982079615e-02 3.318000000e+00 4.244594770e-04
 1.106171455e-02 2.982079615e-02 3.318000000e+00 2.331763637e-04
 1.106297455e-02 2.982079615e-02 3.318000000e+00 4.244594770e-04
 1.156571455e-02 2.982079615e-02 3.318000000e+00 2.331763637e-04
 1.156697455e-02 2.982079615e-02 3.318000000e+00 4.244594770e-04
 1.206971455e-02 2.982079615e-02 3.318000000e+00 2.331763637e-04
 1.207097455e-02 2.982079615e-02 3.318000000e+00 4.244594770e-04
 1.257497455e-02 2.982079615e-02 3.318000000e+00 4.244594770e-04
 1.257623455e-02 2.982079615e-02 3.318000000e+00 2.331763637e-04
 1.307897455e-02 2.982079615e-02 3.318000000e+00 4.244594770e-04
 1.308023455e-02 2.982079615e-02 3.318000000e+00 2.331763637e-04
 1.358297455e-02 2.982079615e-02 3.318000000e+00 4.244594770e-04
 1.358423455e-02 2.982079615e-02 3.318000000e+00 2.331763637e-04
 1.408697455e-02 2.982079615e-02 3.318000000e+00 4.244594770e-04
 1.408823455e-02 2.982079615e-02 3.318000000e+00 2.331763637e-04
 1.459097455e-02 2.982079615e-02 3.318000000e+00 4.244594770e-04
 1.459223455e-02 2.982079615e-02 3.318000000e+00 2.331763637e-04
 1.509623455e-02 2.982079615e-02 3.318000000e+00 2.331763637e-04
 1.509749455e-02 2.982079615e-02 3.318000000e+00 4.244594770e-04
 1.560023455e-02 2.982079615e-02 3.318000000e+00 2.331763637e-04
 1.560149455e-02 2.982079615e-02 3.318000000e+00 4.244594770e-04
 1.610423455e-02 2.982079615e-02 3.318000000e+00 2.331763637e-04
 1.610549455e-02 2.982079615e-02 3.318000000e+00 4.244594770e-04
 1.660823455e-02 2.982079615e-02 3.318000000e+00 2.331763637e-04
 1.660949455e-02 2.982079615e-02 3.318000000e+00 4.244594770e-04
 1.711223455e-02 2.982079615e-02 3.318000000e+00 2.331763637e-04
 1.711349455e-02 2.982079615e-02 3.318000000e+00 4.244594770e-04
 1.761749455e-02 2.982079615e-02 3.318000000e+00 4.244594770e-04
 1.761875455e-02 2.982079615e-02 3.318000000e+00 2.331763637e-04
 1.812149455e-02 2.982079615e-02 3.318000000e+00 4.244594770e-04
 1.812275455e-02 2.982079615e-02 3.318000000e+00 2.331763637e-04
 1.862549455e-02 2.982079615e-02 3.318000000e+00 4.244594770e-04
 1.862675455e-02 2.982079615e-02 3.318000000e+00 2.331763637e-04
 1.912949455e-02 2.982079615e-02 3.318000000e+00 4.244594770e-04
 1.913075455e-02 2.982079615e-02 3.318000000e+00 2.331763637e-04
 1.963349455e-02 2.982079615e-02 3.318000000e+00 4.244594770e-04
 1.963475455e-02 2.982079615e-02 3.318000000e+00 2.331763637e-04
 2.013875455e-02 2.982079615e-02 3.318000000e+00 2.331763637e-04
 2.014001455e-02 2.982079615e-02 3.318000000e+00 4.244594770e-04
 2.064275455e-02 2.982079615e-02 3.318000000e+00 2.331763637e-04
 2.064401455e-02 2.982079615e-02 3.318000000e+00 4.244594770e-04
 2.114675455e-02 2.982079615e-02 3.318000000e+00 2.331763637e-04
 2.114801455e-02 2.982079615e-02 3.318000000e+00 4.244594770e-04
 2.165075455e-02 2.982079615e-02 3.318000000e+00 2.331763637e-04
 2.165201455e-02 2.982079615e-02 3.318000000e+00 4.244594770e-04
 2.215475455e-02 2.982079615e-02 3.318000000e+00 2.331763637e-04
 2.215601455e-02 2.982079615e-02 3.318000000e+00 4.244594770e-04
 2.266001455e-02 2.982079615e-02 3.318000000e+00 4.244594770e-04
 2.266127455e-02 2.982079615e-02 3.318000000e+00 2.331763637e-04
 2.316401455e-02 2.982079615e-02 3.318000000e+00 4.244594770e-04
 2.316527455e-02 2.982079615e-02 3.318000000e+00 2.331763637e-04
 2.366801455e-02 2.982079615e-02 3.318000000e+00 4.244594770e-04
 2.366927455e-02 2.982079615e-02 3.318000000e+00 2.331763637e-04
 2.417201455e-02 2.982079615e-02 3.318000000e+00 4.244594770e-04
 2.417327455e-02 2.982079615e-02 3.318000000e+00 2.331763637e-04
 2.467601455e-02 2.982079615e-02 3.318000000e+00 4.244594770e-04
 2.467727455e-02 2.982079615e-02 3.318000000e+00 2.331763637e-04
 2.518127455e-02 2.982079615e-02 3.318000000e+00 2.331763637e-04
 2.518253455e-02 2.982079615e-02 3.318000000e+00 4.244594770e-04
 2.568527455e-02 2.982079615e-02 3.318000000e+00 2.331763637e-04
 2.568653455e-02 2.982079615e-02 3.318000000e+00 4.244594770e-04
 2.618927455e-02 2.982079615e-02 3.318000000e+00 2.331763637e-04
 2.619053455e-02 2.982079615e-02 3.318000000e+00 4.244594770e-04
 2.669327455e-02 2.982079615e-02 3.318000000e+00 2.331763637e-04
 2.669453455e-02 2.982079615e-02 3.318000000e+00 4.244594770e-04
 2.719853455e-02 2.982079615e-02 3.318000000e+00 4.244594770e-04
 2.719979455e-02 2.982079615e-02 3.318000000e+00 2.331763637e-04
 2.770253455e-02 2.982079615e-02 3.318000000e+00 4.244594770e-04
 2.770379455e-02 2.982079615e-02 3.318000000e+00 2.331763637e-04
 2.820653455e-02 2.982079615e-02 3.318000000e+00 4.244594770e-04
 2.820779455e-02 2.982079615e-02 3.318000000e+00 2.331763637e-04
 2.871053455e-02 2.982079615e-02 3.318000000e+00 4.244594770e-04
 2.871179455e-02 2.982079615e-02 3.318000000e+00 2.331763637e-04
 2.921453455e-02 2.982079615e-02 3.318000000e+00 4.244594770e-04
 2.921579455e-02 2.982079615e-02 3.318000000e+00 2.331763637e-04
 2.971979455e-02 2.982079615e-02 3.318000000e+00 2.331763637e-04
 2.972105455e-02 2.982079615e-02 3.318000000e+00 4.244594770e-04
 3.022379455e-02 2.982079615e-02 3.318000000e+00 2.331763637e-04
 3.022505455e-02 2.982079615e-02 3.318000000e+00 4.244594770e-04
 3.072779455e-02 2.982079615e-02 3.318000000e+00 2.331763637e-04
 3.072905455e-02 2.982079615e-02 3.318000000e+00 4.244594770e-04
 3.123179455e-02 2.982079615e-02 3.318000000e+00 2.331763637e-04
 3.123305455e-02 2.982079615e-02 3.318000000e+00 4.244594770e-04
 3.173579455e-02 2.982079615e-02 3.318000000e+00 2.331763637e-04
 3.173705455e-02 2.982079615e-02 3.318000000e+00 4.244594770e-04
 3.224105455e-02 2.982079615e-02 3.318000000e+00 4.244594770e-04
 3.224231455e-02 2.982079615e-02 3.318000000e+00 2.331763637e-04
 3.274505455e-02 2.982079615e-02 3.318000000e+00 4.244594770e-04
 3.274631455e-02 2.982079615e-02 3.318000000e+00 2.331763637e-04
 3.324905455e-02 2.982079615e-02 3.318000000e+00 4.244594770e-04
 3.325031455e-02 2.982079615e-02 3.318000000e+00 2.331763637e-04
 3.375305455e-02 2.982079615e-02 3.318000000e+00 4.244594770e-04
 3.375431455e-02 2.982079615e-02 3.318000000e+00 2.331763637e-04
 3.425705455e-02 2.982079615e-02 3.318000000e+00 4.244594770e-04
 3.425831455e-02 2.982079615e-02 3.318000000e+00 2.331763637e-04
 3.476231455e-02 2.982079615e-02 3.318000000e+00 2.331763637e-04
 3.476357455e-02 2.982079615e-02 3.318000000e+00 4.244594770e-04
 3.526631455e-02 2.982079615e-02 3.318000000e+00 2.331763637e-04
 3.526757455e-02 2.982079615e-02 3.318000000e+00 4.244594770e-04
 3.577031455e-02 2.982079615e-02 3.318000000e+00 2.331763637e-04
 3.577157455e-02 2.982079615e-02 3.318000000e+00 4.244594770e-04
 3.627431455e-02 2.982079615e-02 3.318000000e+00 2.331763637e-04
 3.627557455e-02 2.982079615e-02 3.318000000e+00 4.244594770e-04
 3.677831455e-02 2.982079615e-02 3.318000000e+00 2.331763637e-04
 3.677957455e-02 2.982079615e-02 3.318000000e+00 4.244594770e-04
 3.728357455e-02 2.982079615e-02 3.318000000e+00 4.244594770e-04
 3.728483455e-02 2.982079615e-02 3.318000000e+00 2.331763637e-04
 3.778757455e-02 2.982079615e-02 3.318000000e+00 4.244594770e-04
 3.778883455e-02 2.982079615e-02 3.318000000e+00 2.331763637e-04
 3.829157455e-02 2.982079615e-02 3.318000000e+00 4.244594770e-04
 3.829283455e-02 2.982079615e-02 3.318000000e+00 2.331763637e-04
 3.879557455e-02 2.982079615e-02 3.318000000e+00 4.244594770e-04
 3.879683455e-02 2.982079615e-02 3.318000000e+00 2.331763637e-04
 3.929957455e-02 2.982079615e-02 3.318000000e+00 4.244594770e-04
 3.930083455e-02 2.982079615e-02 3.318000000e+00 2.331763637e-04
 3.980483455e-02 2.982079615e-02 3.318000000e+00 2.331763637e-04
 3.980609455e-02 2.982079615e-02 3.318000000e+00 4.244594770e-04
 4.030883455e-02 2.982079615e-02 3.318000000e+00 2.331763637e-04
 4.031009455e-02 2.982079615e-02 3.318000000e+00 4.244594770e-04
 4.081283455e-02 2.982079615e-02 3.318000000e+00 2.331763637e-04
 4.081409455e-02 2.982079615e-02 3.318000000e+00 4.244594770e-04
 4.131683455e-02 2.982079615e-02 3.318000000e+00 2.331763637e-04
 4.131809455e-02 2.982079615e-02 3.318000000e+00 4.244594770e-04
 4.182083455e-02 2.982079615e-02 3.318000000e+00 2.331763637e-04
 4.182209455e-02 2.982079615e-02 3.318000000e+00 4.244594770e-04
 4.232609455e-02 2.982079615e-02 3.318000000e+00 4.244594770e-04
 4.232735455e-02 2.982079615e-02 3.318000000e+00 2.331763637e-04
 4.283009455e-02 2.982079615e-02 3.318000000e+00 4.244594770e-04
 4.283135455e-02 2.982079615e-02 3.318000000e+00 2.331763637e-04
 4.333409455e-02 2.982079615e-02 3.318000000e+00 4.244594770e-04
 4.333535455e-02 2.982079615e-02 3.318000000e+00 2.331763637e-04
 4.383809455e-02 2.982079615e-02 3.318000000e+00 4.244594770e-04
 4.383935455e-02 2.982079615e-02 3.318000000e+00 2.331763637e-04
 4.434209455e-02 2.982079615e-02 3.318000000e+00 4.244594770e-04
 4.434335455e-02 2.982079615e-02 3.318000000e+00 2.331763637e-04
 4.484735455e-02 2.982079615e-02 3.318000000e+00 2.331763637e-04
 4.484861455e-02 2.982079615e-02 3.318000000e+00 4.244594770e-04
 4.535135455e-02 2.982079615e-02 3.318000000e+00 2.331763637e-04
 4.535261455e-02 2.982079615e-02 3.318000000e+00 4.244594770e-04
 4.585535455e-02 2.982079615e-02 3.318000000e+00 2.331763637e-04
 4.585661455e-02 2.982079615e-02 3.318000000e+00 4.244594770e-04
 4.635935455e-02 2.982079615e-02 3.318000000e+00 2.331763637e-04
 4.636061455e-02 2.982079615e-02 3.318000000e+00 4.244594770e-04
 4.686335455e-02 2.982079615e-02 3.318000000e+00 2.331763637e-04
 4.686461455e-02 2.982079615e-02 3.318000000e+00 4.244594770e-04
 4.736861455e-02 2.982079615e-02 3.318000000e+00 4.244594770e-04
 4.736987455e-02 2.982079615e-02 3.318000000e+00 2.331763637e-04
 4.787261455e-02 2.982079615e-02 3.318000000e+00 4.244594770e-04
 4.787387455e-02 2.982079615e-02 3.318000000e+00 2.331763637e-04
 4.837661455e-02 2.982079615e-02 3.318000000e+00 4.244594770e-04
 4.837787455e-02 2.982079615e-02 3.318000000e+00 2.331763637e-04
 4.888061455e-02 2.982079615e-02 3.318000000e+00 4.244594770e-04
 4.888187455e-02 2.982079615e-02 3.318000000e+00 2.331763637e-04
 4.938461455e-02 2.982079615e-02 3.318000000e+00 4.244594770e-04
 4.938587455e-02 2.982079615e-02 3.318000000e+00 2.331763637e-04
 4.988987455e-02 2.982079615e-02 3.318000000e+00 2.331763637e-04
 4.989113455e-02 2.982079615e-02 3.318000000e+00 4.244594770e-04
 5.039387455e-02 2.982079615e-02 3.318000000e+00 2.331763637e-04
 5.039513455e-02 2.982079615e-02 3.318000000e+00 4.244594770e-04
 5.089787455e-02 2.982079615e-02 3.318000000e+00 2.331763637e-04
 5.089913455e-02 2.982079615e-02 3.318000000e+00 4.244594770e-04
 5.140187455e-02 2.982079615e-02 3.318000000e+00 2.331763637e-04
 5.140313455e-02 2.982079615e-02 3.318000000e+00 4.244594770e-04
 5.190713455e-02 2.982079615e-02 3.318000000e+00 4.244594770e-04
 5.190839455e-02 2.982079615e-02 3.318000000e+00 2.331763637e-04
 5.241113455e-02 2.982079615e-02 3.318000000e+00 4.244594770e-04
 5.241239455e-02 2.982079615e-02 3.318000000e+00 2.331763637e-04
 5.291513455e-02 2.982079615e-02 3.318000000e+00 4.244594770e-04
 5.291639455e-02 2.982079615e-02 3.318000000e+00 2.331763637e-04
 5.341913455e-02 2.982079615e-02 3.318000000e+00 4.244594770e-04
 5.342039455e-02 2.982079615e-02 3.318000000e+00 2.331763637e-04
 5.392313455e-02 2.982079615e-02 3.318000000e+00 4.244594770e-04
 5.392439455e-02 2.982079615e-02 3.318000000e+00 2.331763637e-04
 5.442839455e-02 2.982079615e-02 3.318000000e+00 2.331763637e-04
 5.442965455e-02 2.982079615e-02 3.318000000e+00 4.244594770e-04
 5.493239455e-02 2.982079615e-02 3.318000000e+00 2.331763637e-04
 5.493365455e-02 2.982079615e-02 3.318000000e+00 4.244594770e-04
 5.543639455e-02 2.982079615e-02 3.318000000e+00 2.331763637e-04
 5.543765455e-02 2.982079615e-02 3.318000000e+00 4.244594770e-04
 5.594039455e-02 2.982079615e-02 3.318000000e+00 2.331763637e-04
 5.594165455e-02 2.982079615e-02 3.318000000e+00 4.244594770e-04
 5.644439455e-02 2.982079615e-02 3.318000000e+00 2.331763637e-04
 5.644565455e-02 2.982079615e-02 3.318000000e+00 4.244594770e-04
 5.694965455e-02 2.982079615e-02 3.318000000e+00 4.244594770e-04
 5.695091455e-02 2.982079615e-02 3.318000000e+00 2.331763637e-04
 5.745365455e-02 2.982079615e-02 3.318000000e+00 4.244594770e-04
 5.745491455e-02 2.982079615e-02 3.318000000e+00 2.331763637e-04
 5.795765455e-02 2.982079615e-02 3.318000000e+00 4.244594770e-04
 5.795891455e-02 2.982079615e-02 3.318000000e+00 2.331763637e-04
 5.846165455e-02 2.982079615e-02 3.318000000e+00 4.244594770e-04
 5.846291455e-02 2.982079615e-02 3.318000000e+00 2.331763637e-04
 5.896565455e-02 2.982079615e-02 3.318000000e+00 4.244594770e-04
 5.896691455e-02 2.982079615e-02 3.318000000e+00 2.331763637e-04
 5.947091455e-02 2.982079615e-02 3.318000000e+00 2.331763637e-04
 5.947217455e-02 2.982079615e-02 3.318000000e+00 4.244594770e-04
 5.997491455e-02 2.982079615e-02 3.318000000e+00 2.331763637e-04
 5.997617455e-02 2.982079615e-02 3.318000000e+00 4.244594770e-04
 6.047891455e-02 2.982079615e-02 3.318000000e+00 2.331763637e-04
 6.048017455e-02 2.982079615e-02 3.318000000e+00 4.244594770e-04
 6.098291455e-02 2.982079615e-02 3.318000000e+00 2.331763637e-04
 6.098417455e-02 2.982079615e-02 3.318000000e+00 4.244594770e-04
 6.148691455e-02 2.982079615e-02 3.318000000e+00 2.331763637e-04
 6.148817455e-02 2.982079615e-02 3.318000000e+00 4.244594770e-04
 6.199217455e-02 2.982079615e-02 3.318000000e+00 4.244594770e-04
 6.199343455e-02 2.982079615e-02 3.318000000e+00 2.331763637e-04
 6.249617455e-02 2.982079615e-02 3.318000000e+00 4.244594770e-04
 6.249743455e-02 2.982079615e-02 3.318000000e+00 2.331763637e-04
 6.300017455e-02 2.982079615e-02 3.318000000e+00 4.244594770e-04
 6.300143455e-02 2.982079615e-02 3.318000000e+00 2.331763637e-04
 6.350417455e-02 2.982079615e-02 3.318000000e+00 4.244594770e-04
 6.350543455e-02 2.982079615e-02 3.318000000e+00 2.331763637e-04
 6.400817455e-02 2.982079615e-02 3.318000000e+00 4.244594770e-04
 6.400943455e-02 2.982079615e-02 3.318000000e+00 2.331763637e-04
 6.451343455e-02 2.982079615e-02 3.318000000e+00 2.331763637e-04
 6.451469455e-02 2.982079615e-02 3.318000000e+00 4.244594770e-04
 6.501743455e-02 2.982079615e-02 3.318000000e+00 2.331763637e-04
 6.501869455e-02 2.982079615e-02 3.318000000e+00 4.244594770e-04
 6.552143455e-02 2.982079615e-02 3.318000000e+00 2.331763637e-04
 6.552269455e-02 2.982079615e-02 3.318000000e+00 4.244594770e-04
 6.602543455e-02 2.982079615e-02 3.318000000e+00 2.331763637e-04
 6.602669455e-02 2.982079615e-02 3.318000000e+00 4.244594770e-04
 6.652943455e-02 2.982079615e-02 3.318000000e+00 2.331763637e-04
 6.653069455e-02 2.982079615e-02 3.318000000e+00 4.244594770e-04
 6.703469455e-02 2.982079615e-02 3.318000000e+00 4.244594770e-04
 6.703595455e-02 2.982079615e-02 3.318000000e+00 2.331763637e-04
 6.753869455e-02 2.982079615e-02 3.318000000e+00 4.244594770e-04
 6.753995455e-02 2.982079615e-02 3.318000000e+00 2.331763637e-04
 6.804269455e-02 2.982079615e-02 3.318000000e+00 4.244594770e-04
 6.804395455e-02 2.982079615e-02 3.318000000e+00 2.331763637e-04
 6.854669455e-02 2.982079615e-02 3.318000000e+00 4.244594770e-04
 6.900001000e-02 2.981781381e-02 0.000000000e+00 8.814877717e-04
 6.900005410e-02 2.981068996e-02 0.000000000e+00 2.103898488e-04
 6.900054978e-02 2.996834316e-02 0.000000000e+00 -2.429814176e-06
 6.901874784e-02 3.594646079e-02 0.000000000e+00 -2.429603032e-06
 6.902000784e-02 3.635997202e-02 0.000000000e+00 2.431927827e-06
 6.952274784e-02 1.972621053e-01 0.000000000e+00 -2.429708570e-06
 6.952400784e-02 1.976552921e-01 0.000000000e+00 2.431789811e-06
 6.952526784e-02 1.980484295e-01 0.000000000e+00 -2.429709115e-06
 6.952652784e-02 1.984415173e-01 0.000000000e+00 2.431789267e-06
 7.002674784e-02 3.506489797e-01 0.000000000e+00 -2.429807025e-06
 7.002800784e-02 3.510228412e-01 0.000000000e+00 2.431691407e-06
 7.002926784e-02 3.513966556e-01 0.000000000e+00 -2.429807470e-06
 7.003052784e-02 3.517704229e-01 0.000000000e+00 2.431690961e-06
 7.053074784e-02 4.964967812e-01 0.000000000e+00 -2.429888857e-06
 7.053200784e-02 4.968522672e-01 0.000000000e+00 2.431609609e-06
 7.053326784e-02 4.972077083e-01 0.000000000e+00 -2.429889233e-06
 7.053452784e-02 4.975631046e-01 0.000000000e+00 2.431609234e-06
 7.103474784e-02 6.351760557e-01 0.000000000e+00 -2.429958603e-06
 7.103600784e-02 6.355140693e-01 0.000000000e+00 2.431539889e-06
 7.103726784e-02 6.358520402e-01 0.000000000e+00 -2.429958927e-06
 7.103852784e-02 6.361899686e-01 0.000000000e+00 2.431539566e-06
 7.153874784e-02 7.670391383e-01 0.000000000e+00 -2.430019151e-06
 7.154000784e-02 7.673605382e-01 0.000000000e+00 2.431479362e-06
 7.154126784e-02 7.676818976e-01 0.000000000e+00 -2.430019434e-06
 7.154252784e-02 7.680032165e-01 0.000000000e+00 2.431479079e-06
 7.204526784e-02 8.930322146e-01 0.000000000e+00 -2.430072701e-06
 7.204652784e-02 8.933377405e-01 0.000000000e+00 2.431425828e-06
 7.254926784e-02 1.012221464e+00 0.000000000e+00 -2.430120108e-06
 7.255052784e-02 1.012511973e+00 0.000000000e+00 2.431378435e-06
 7.305326784e-02 1.125552465e+00 0.000000000e+00 -2.430162665e-06
 7.305452784e-02 1.125828696e+00 0.000000000e+00 2.431335888e-06
 7.355726784e-02 1.233313156e+00 0.000000000e+00 -2.430201141e-06
 7.355852784e-02 1.233575809e+00 0.000000000e+00 2.431297422e-06
 7.406126784e-02 1.335777319e+00 0.000000000e+00 -2.430236130e-06
 7.406252784e-02 1.336027063e+00 0.000000000e+00 2.431262441e-06
 7.456526784e-02 1.433205284e+00 0.000000000e+00 -2.430268103e-06
 7.456652784e-02 1.433442753e+00 0.000000000e+00 2.431230475e-06
 7.456778784e-02 1.433680191e+00 0.000000000e+00 -2.430268256e-06
 7.456904784e-02 1.433917600e+00 0.000000000e+00 2.431230322e-06
 7.506926784e-02 1.525844583e+00 0.000000000e+00 -2.430297442e-06
 7.507052784e-02 1.526070380e+00 0.000000000e+00 2.431201142e-06
 7.507178784e-02 1.526296148e+00 0.000000000e+00 -2.430297582e-06
 7.507304784e-02 1.526521888e+00 0.000000000e+00 2.431201002e-06
 7.557326784e-02 1.613930582e+00 0.000000000e+00 -2.430324459e-06
 7.557452784e-02 1.614145281e+00 0.000000000e+00 2.431174131e-06
 7.557578784e-02 1.614359952e+00 0.000000000e+00 -2.430324588e-06
 7.557704784e-02 1.614574597e+00 0.000000000e+00 2.431174001e-06
 7.607726784e-02 1.697687080e+00 0.000000000e+00 -2.430349414e-06
 7.607852784e-02 1.697891226e+00 0.000000000e+00 2.431149180e-06
 7.607978784e-02 1.698095346e+00 0.000000000e+00 -2.430349534e-06
 7.608104784e-02 1.698299441e+00 0.000000000e+00 2.431149061e-06
 7.658378784e-02 1.777715074e+00 0.000000000e+00 -2.430372637e-06
 7.658504784e-02 1.777909137e+00 0.000000000e+00 2.431125962e-06
 7.708778784e-02 1.853421424e+00 0.000000000e+00 -2.430394083e-06
 7.708904784e-02 1.853605949e+00 0.000000000e+00 2.431104519e-06
 7.759178784e-02 1.925406742e+00 0.000000000e+00 -2.430414033e-06
 7.759304784e-02 1.925582198e+00 0.000000000e+00 2.431084573e-06
 7.809578784e-02 1.993853920e+00 0.000000000e+00 -2.430432624e-06
 7.809704784e-02 1.994020752e+00 0.000000000e+00 2.431065985e-06
 7.859978784e-02 2.058936860e+00 0.000000000e+00 -2.430449977e-06
 7.860104784e-02 2.059095492e+00 0.000000000e+00 2.431048636e-06
 7.910378784e-02 2.120820918e+00 0.000000000e+00 -2.430466198e-06
 7.910504784e-02 2.120971752e+00 0.000000000e+00 2.431032418e-06
 7.910630784e-02 2.121122568e+00 0.000000000e+00 -2.430466276e-06
 7.910756784e-02 2.121273365e+00 0.000000000e+00 2.431032339e-06
 7.960778784e-02 2.179663320e+00 0.000000000e+00 -2.430481380e-06
 7.960904784e-02 2.179806741e+00 0.000000000e+00 2.431017238e-06
 7.961030784e-02 2.179950144e+00 0.000000000e+00 -2.430481453e-06
 7.961156784e-02 2.180093529e+00 0.000000000e+00 2.431017164e-06
 8.011178784e-02 2.235613567e+00 0.000000000e+00 -2.430495606e-06
 8.011304784e-02 2.235749939e+00 0.000000000e+00 2.431003014e-06
 8.011430784e-02 2.235886293e+00 0.000000000e+00 -2.430495675e-06
 8.011556784e-02 2.236022631e+00 0.000000000e+00 2.431002945e-06
 8.061578784e-02 2.288813810e+00 0.000000000e+00 -2.430508952e-06
 8.061704784e-02 2.288943479e+00 0.000000000e+00 2.430989670e-06
 8.061830784e-02 2.289073132e+00 0.000000000e+00 -2.430509016e-06
 8.061956784e-02 2.289202768e+00 0.000000000e+00 2.430989606e-06
 8.111978784e-02 2.339399216e+00 0.000000000e+00 -2.430521483e-06
 8.112104784e-02 2.339522511e+00 0.000000000e+00 2.430977141e-06
 8.112230784e-02 2.339645791e+00 0.000000000e+00 -2.430521543e-06
 8.112356784e-02 2.339769056e+00 0.000000000e+00 2.430977081e-06
 8.162630784e-02 2.387732760e+00 0.000000000e+00 -2.430533316e-06
 8.162756784e-02 2.387849966e+00 0.000000000e+00 2.430965310e-06
 8.213030784e-02 2.433456213e+00 0.000000000e+00 -2.430544389e-06
 8.213156784e-02 2.433567658e+00 0.000000000e+00 2.430954239e-06
 8.263430784e-02 2.476932317e+00 0.000000000e+00 -2.430554811e-06
 8.263556784e-02 2.477038285e+00 0.000000000e+00 2.430943818e-06
 8.313830784e-02 2.518271533e+00 0.000000000e+00 -2.430564627e-06
 8.313956784e-02 2.518372293e+00 0.000000000e+00 2.430934003e-06
 8.364230784e-02 2.557578890e+00 0.000000000e+00 -2.430573879e-06
 8.364356784e-02 2.557674697e+00 0.000000000e+00 2.430924753e-06
 8.414630784e-02 2.594954256e+00 0.000000000e+00 -2.430582602e-06
 8.414756784e-02 2.595045354e+00 0.000000000e+00 2.430916031e-06
 8.414882784e-02 2.595136441e+00 0.000000000e+00 -2.430582645e-06
 8.415008784e-02 2.595227515e+00 0.000000000e+00 2.430915988e-06
 8.465030784e-02 2.630492590e+00 0.000000000e+00 -2.430590833e-06
 8.465156784e-02 2.630579211e+00 0.000000000e+00 2.430907801e-06
 8.465282784e-02 2.630665820e+00 0.000000000e+00 -2.430590873e-06
 8.465408784e-02 2.630752418e+00 0.000000000e+00 2.430907761e-06
 8.515430784e-02 2.664284184e+00 0.000000000e+00 -2.430598602e-06
 8.515556784e-02 2.664366547e+00 0.000000000e+00 2.430900033e-06
 8.515682784e-02 2.664448899e+00 0.000000000e+00 -2.430598640e-06
 8.515808784e-02 2.664531241e+00 0.000000000e+00 2.430899995e-06
 8.565830784e-02 2.696414890e+00 0.000000000e+00 -2.430605939e-06
 8.565956784e-02 2.696493205e+00 0.000000000e+00 2.430892697e-06
 8.566082784e-02 2.696571510e+00 0.000000000e+00 -2.430605975e-06
 8.566208784e-02 2.696649805e+00 0.000000000e+00 2.430892661e-06
 8.616230784e-02 2.726966345e+00 0.000000000e+00 -2.430612871e-06
 8.616356784e-02 2.727040810e+00 0.000000000e+00 2.430885766e-06
 8.616482784e-02 2.727115266e+00 0.000000000e+00 -2.430612905e-06
 8.616608784e-02 2.727189713e+00 0.000000000e+00 2.430885733e-06
 8.666882784e-02 2.756157770e+00 0.000000000e+00 -2.430619454e-06
 8.667008784e-02 2.756228557e+00 0.000000000e+00 2.430879184e-06
 8.717282784e-02 2.783772809e+00 0.000000000e+00 -2.430625646e-06
 8.717408784e-02 2.783840117e+00 0.000000000e+00 2.430872993e-06
 8.767682784e-02 2.810030544e+00 0.000000000e+00 -2.430631503e-06
 8.767808784e-02 2.810094544e+00 0.000000000e+00 2.430867137e-06
 8.818082784e-02 2.834997688e+00 0.000000000e+00 -2.430637044e-06
 8.818208784e-02 2.835058543e+00 0.000000000e+00 2.430861597e-06
 8.868482784e-02 2.858737675e+00 0.000000000e+00 -2.430642287e-06
 8.868608784e-02 2.858795539e+00 0.000000000e+00 2.430856354e-06
 8.918882784e-02 2.881310821e+00 0.000000000e+00 -2.430647251e-06
 8.919008784e-02 2.881365840e+00 0.000000000e+00 2.430851392e-06
 8.919134784e-02 2.881420853e+00 0.000000000e+00 -2.430647275e-06
 8.919260784e-02 2.881475858e+00 0.000000000e+00 2.430851367e-06
 8.969282784e-02 2.902774477e+00 0.000000000e+00 -2.430651950e-06
 8.969408784e-02 2.902826792e+00 0.000000000e+00 2.430846692e-06
 8.969534784e-02 2.902879100e+00 0.000000000e+00 -2.430651973e-06
 8.969660784e-02 2.902931402e+00 0.000000000e+00 2.430846670e-06
 9.019682784e-02 2.923183175e+00 0.000000000e+00 -2.430656401e-06
 9.019808784e-02 2.923232918e+00 0.000000000e+00 2.430842242e-06
 9.019934784e-02 2.923282656e+00 0.000000000e+00 -2.430656423e-06
 9.020060784e-02 2.923332387e+00 0.000000000e+00 2.430842221e-06
 9.070082784e-02 2.942588767e+00 0.000000000e+00 -2.430660618e-06
 9.070208784e-02 2.942636065e+00 0.000000000e+00 2.430838026e-06
 9.070334784e-02 2.942683358e+00 0.000000000e+00 -2.430660638e-06
 9.070460784e-02 2.942730645e+00 0.000000000e+00 2.430838006e-06
 9.120482784e-02 2.961040557e+00 0.000000000e+00 -2.430664612e-06
 9.120608784e-02 2.961085531e+00 0.000000000e+00 2.430834032e-06
 9.120734784e-02 2.961130499e+00 0.000000000e+00 -2.430664632e-06
 9.120860784e-02 2.961175462e+00 0.000000000e+00 2.430834013e-06
 9.171134784e-02 2.978670947e+00 0.000000000e+00 -2.430668417e-06
 9.171260784e-02 2.978713700e+00 0.000000000e+00 2.430830228e-06
 9.221534784e-02 2.995349266e+00 0.000000000e+00 -2.430672004e-06
 9.221660784e-02 2.995389917e+00 0.000000000e+00 2.430826641e-06
 9.271934784e-02 3.011207831e+00 0.000000000e+00 -2.430675405e-06
 9.272060784e-02 3.011246484e+00 0.000000000e+00 2.430823241e-06
 9.322334784e-02 3.026286933e+00 0.000000000e+00 -2.430678630e-06
 9.322460784e-02 3.026323686e+00 0.000000000e+00 2.430820017e-06
 9.372734784e-02 3.040624884e+00 0.000000000e+00 -2.430681688e-06
 9.372860784e-02 3.040659831e+00 0.000000000e+00 2.430816959e-06
 9.423134784e-02 3.054258112e+00 0.000000000e+00 -2.430684588e-06
 9.423260784e-02 3.054291341e+00 0.000000000e+00 2.430814059e-06
 9.423386784e-02 3.054324566e+00 0.000000000e+00 -2.430684602e-06
 9.423512784e-02 3.054357787e+00 0.000000000e+00 2.430814045e-06
 9.473534784e-02 3.067221254e+00 0.000000000e+00 -2.430687339e-06
 9.473660784e-02 3.067252850e+00 0.000000000e+00 2.430811308e-06
 9.473786784e-02 3.067284442e+00 0.000000000e+00 -2.430687353e-06
 9.473912784e-02 3.067316030e+00 0.000000000e+00 2.430811295e-06
 9.523934784e-02 3.079547247e+00 0.000000000e+00 -2.430689950e-06
 9.524060784e-02 3.079577290e+00 0.000000000e+00 2.430808698e-06
 9.524186784e-02 3.079607329e+00 0.000000000e+00 -2.430689962e-06
 9.524312784e-02 3.079637365e+00 0.000000000e+00 2.430808686e-06
 9.574334784e-02 3.091267406e+00 0.000000000e+00 -2.430692426e-06
 9.574460784e-02 3.091295972e+00 0.000000000e+00 2.430806222e-06
 9.574586784e-02 3.091324535e+00 0.000000000e+00 -2.430692438e-06
 9.574712784e-02 3.091353094e+00 0.000000000e+00 2.430806210e-06
 9.624734784e-02 3.102411509e+00 0.000000000e+00 -2.430694776e-06
 9.624860784e-02 3.102438671e+00 0.000000000e+00 2.430803873e-06
 9.624986784e-02 3.102465830e+00 0.000000000e+00 -2.430694787e-06
 9.625112784e-02 3.102492986e+00 0.000000000e+00 2.430803861e-06
 9.675386784e-02 3.113059520e+00 0.000000000e+00 -2.430697017e-06
 9.675512784e-02 3.113085341e+00 0.000000000e+00 2.430801632e-06
 9.725786784e-02 3.123132521e+00 0.000000000e+00 -2.430699133e-06
 9.725912784e-02 3.123157073e+00 0.000000000e+00 2.430799516e-06
 9.776186784e-02 3.132710425e+00 0.000000000e+00 -2.430701142e-06
 9.776312784e-02 3.132733770e+00 0.000000000e+00 2.430797508e-06
 9.826586784e-02 3.141817567e+00 0.000000000e+00 -2.430703049e-06
 9.826712784e-02 3.141839764e+00 0.000000000e+00 2.430795601e-06
 9.876986784e-02 3.150477084e+00 0.000000000e+00 -2.430704859e-06
 9.877112784e-02 3.150498191e+00 0.000000000e+00 2.430793791e-06
 9.927386784e-02 3.158710979e+00 0.000000000e+00 -2.430706578e-06
 9.927512784e-02 3.158731048e+00 0.000000000e+00 2.430792072e-06
 9.927638784e-02 3.158751114e+00 0.000000000e+00 -2.430706586e-06
 9.927764784e-02 3.158771178e+00 0.000000000e+00 2.430792064e-06
 9.977786784e-02 3.166540170e+00 0.000000000e+00 -2.430708210e-06
 9.977912784e-02 3.166559252e+00 0.000000000e+00 2.430790441e-06
 9.978038784e-02 3.166578333e+00 0.000000000e+00 -2.430708218e-06
 9.978164784e-02 3.166597411e+00 0.000000000e+00 2.430790433e-06
 1.002818678e-01 3.173984549e+00 0.000000000e+00 -2.430709759e-06
 1.002831278e-01 3.174002694e+00 0.000000000e+00 2.430788891e-06
 1.002843878e-01 3.174020836e+00 0.000000000e+00 -2.430709767e-06
 1.002856478e-01 3.174038977e+00 0.000000000e+00 2.430788883e-06
 1.007858678e-01 3.181063031e+00 0.000000000e+00 -2.430711231e-06
 1.007871278e-01 3.181080284e+00 0.000000000e+00 2.430787420e-06
 1.007883878e-01 3.181097534e+00 0.000000000e+00 -2.430711238e-06
 1.007896478e-01 3.181114783e+00 0.000000000e+00 2.430787412e-06
 1.012923878e-01 3.187826406e+00 0.000000000e+00 -2.430712636e-06
 1.012936478e-01 3.187842807e+00 0.000000000e+00 2.430786015e-06
 1.017963878e-01 3.194224548e+00 0.000000000e+00 -2.430713963e-06
 1.017976478e-01 3.194240143e+00 0.000000000e+00 2.430784688e-06
 1.023003878e-01 3.200308216e+00 0.000000000e+00 -2.430715223e-06
 1.023016478e-01 3.200323044e+00 0.000000000e+00 2.430783428e-06
 1.028043878e-01 3.206092866e+00 0.000000000e+00 -2.430716421e-06
 1.028056478e-01 3.206106965e+00 0.000000000e+00 2.430782230e-06
 1.033083878e-01 3.211593195e+00 0.000000000e+00 -2.430717558e-06
 1.033096478e-01 3.211606601e+00 0.000000000e+00 2.430781093e-06
 1.038123878e-01 3.216823178e+00 0.000000000e+00 -2.430718639e-06
 1.038136478e-01 3.216835925e+00 0.000000000e+00 2.430780013e-06
 1.038149078e-01 3.216848671e+00 0.000000000e+00 -2.430718644e-06
 1.038161678e-01 3.216861415e+00 0.000000000e+00 2.430780007e-06
 1.043163878e-01 3.221796102e+00 0.000000000e+00 -2.430719666e-06
 1.043176478e-01 3.221808223e+00 0.000000000e+00 2.430778986e-06
 1.043189078e-01 3.221820343e+00 0.000000000e+00 -2.430719671e-06
 1.043201678e-01 3.221832460e+00 0.000000000e+00 2.430778981e-06
 1.048203878e-01 3.226524603e+00 0.000000000e+00 -2.430720641e-06
 1.048216478e-01 3.226536129e+00 0.000000000e+00 2.430778011e-06
 1.048229078e-01 3.226547652e+00 0.000000000e+00 -2.430720646e-06
 1.048241678e-01 3.226559175e+00 0.000000000e+00 2.430778006e-06
 1.053243878e-01 3.231020694e+00 0.000000000e+00 -2.430721568e-06
 1.053256478e-01 3.231031653e+00 0.000000000e+00 2.430777085e-06
 1.053269078e-01 3.231042610e+00 0.000000000e+00 -2.430721572e-06
 1.053281678e-01 3.231053566e+00 0.000000000e+00 2.430777080e-06
 1.058283878e-01 3.235295799e+00 0.000000000e+00 -2.430722448e-06
 1.058296478e-01 3.235306218e+00 0.000000000e+00 2.430776204e-06
 1.058309078e-01 3.235316637e+00 0.000000000e+00 -2.430722452e-06
 1.058321678e-01 3.235327055e+00 0.000000000e+00 2.430776200e-06
 1.063349078e-01 3.239380592e+00 0.000000000e+00 -2.430723289e-06
 1.063361678e-01 3.239390497e+00 0.000000000e+00 2.430775364e-06
 1.068389078e-01 3.243244800e+00 0.000000000e+00 -2.430724083e-06
 1.068401678e-01 3.243254218e+00 0.000000000e+00 2.430774569e-06
 1.073429078e-01 3.246919078e+00 0.000000000e+00 -2.430724839e-06
 1.073441678e-01 3.246928034e+00 0.000000000e+00 2.430773814e-06
 1.078469078e-01 3.250412762e+00 0.000000000e+00 -2.430725556e-06
 1.078481678e-01 3.250421278e+00 0.000000000e+00 2.430773096e-06
 1.083509078e-01 3.253734729e+00 0.000000000e+00 -2.430726238e-06
 1.083521678e-01 3.253742826e+00 0.000000000e+00 2.430772414e-06
 1.088549078e-01 3.256893418e+00 0.000000000e+00 -2.430726886e-06
 1.088561678e-01 3.256901117e+00 0.000000000e+00 2.430771767e-06
 1.088574278e-01 3.256908815e+00 0.000000000e+00 -2.430726889e-06
 1.088586878e-01 3.256916512e+00 0.000000000e+00 2.430771763e-06
 1.093589078e-01 3.259896854e+00 0.000000000e+00 -2.430727502e-06
 1.093601678e-01 3.259904175e+00 0.000000000e+00 2.430771151e-06
 1.093614278e-01 3.259911494e+00 0.000000000e+00 -2.430727505e-06
 1.093626878e-01 3.259918813e+00 0.000000000e+00 2.430771148e-06
 1.098629078e-01 3.262752670e+00 0.000000000e+00 -2.430728087e-06
 1.098641678e-01 3.262759630e+00 0.000000000e+00 2.430770565e-06
 1.098654278e-01 3.262766590e+00 0.000000000e+00 -2.430728090e-06
 1.098666878e-01 3.262773549e+00 0.000000000e+00 2.430770562e-06
 1.103669078e-01 3.265468119e+00 0.000000000e+00 -2.430728644e-06
 1.103681678e-01 3.265474737e+00 0.000000000e+00 2.430770009e-06
 1.103694278e-01 3.265481355e+00 0.000000000e+00 -2.430728647e-06
 1.103706878e-01 3.265487972e+00 0.000000000e+00 2.430770006e-06
 1.108709078e-01 3.268050101e+00 0.000000000e+00 -2.430729173e-06
 1.108721678e-01 3.268056394e+00 0.000000000e+00 2.430769480e-06
 1.108734278e-01 3.268062687e+00 0.000000000e+00 -2.430729175e-06
 1.108746878e-01 3.268068978e+00 0.000000000e+00 2.430769478e-06
 1.113774278e-01 3.270517144e+00 0.000000000e+00 -2.430729678e-06
 1.113786878e-01 3.270523126e+00 0.000000000e+00 2.430768975e-06
 1.118814278e-01 3.272850962e+00 0.000000000e+00 -2.430730155e-06
 1.118826878e-01 3.272856651e+00 0.000000000e+00 2.430768498e-06
 1.123854278e-01 3.275070071e+00 0.000000000e+00 -2.430730609e-06
 1.123866878e-01 3.275075480e+00 0.000000000e+00 2.430768044e-06
 1.128894278e-01 3.277180109e+00 0.000000000e+00 -2.430731040e-06
 1.128906878e-01 3.277185252e+00 0.000000000e+00 2.430767613e-06
 1.133934278e-01 3.279186437e+00 0.000000000e+00 -2.430731451e-06
 1.133946878e-01 3.279191327e+00 0.000000000e+00 2.430767203e-06
 1.138974278e-01 3.281094151e+00 0.000000000e+00 -2.430731840e-06
 1.138986878e-01 3.281098801e+00 0.000000000e+00 2.430766813e-06
 1.138999478e-01 3.281103450e+00 0.000000000e+00 -2.430731842e-06
 1.139012078e-01 3.281108099e+00 0.000000000e+00 2.430766811e-06
 1.144014278e-01 3.282908100e+00 0.000000000e+00 -2.430732211e-06
 1.144026878e-01 3.282912522e+00 0.000000000e+00 2.430766442e-06
 1.144039478e-01 3.282916942e+00 0.000000000e+00 -2.430732213e-06
 1.144052078e-01 3.282921363e+00 0.000000000e+00 2.430766441e-06
 1.149054278e-01 3.284632892e+00 0.000000000e+00 -2.430732563e-06
 1.149066878e-01 3.284637096e+00 0.000000000e+00 2.430766090e-06
 1.149079478e-01 3.284641300e+00 0.000000000e+00 -2.430732565e-06
 1.149092078e-01 3.284645502e+00 0.000000000e+00 2.430766089e-06
 1.154094278e-01 3.286272909e+00 0.000000000e+00 -2.430732898e-06
 1.154106878e-01 3.286276906e+00 0.000000000e+00 2.430765755e-06
 1.154119478e-01 3.286280903e+00 0.000000000e+00 -2.430732900e-06
 1.154132078e-01 3.286284899e+00 0.000000000e+00 2.430765754e-06
 1.159134278e-01 3.287832317e+00 0.000000000e+00 -2.430733216e-06
 1.159146878e-01 3.287836118e+00 0.000000000e+00 2.430765437e-06
 1.159159478e-01 3.287839918e+00 0.000000000e+00 -2.430733218e-06
 1.159172078e-01 3.287843718e+00 0.000000000e+00 2.430765436e-06
 1.164199478e-01 3.289322307e+00 0.000000000e+00 -2.430733520e-06
 1.164212078e-01 3.289325920e+00 0.000000000e+00 2.430765133e-06
 1.169239478e-01 3.290731834e+00 0.000000000e+00 -2.430733808e-06
 1.169252078e-01 3.290735270e+00 0.000000000e+00 2.430764846e-06
 1.174279478e-01 3.292072083e+00 0.000000000e+00 -2.430734081e-06
 1.174292078e-01 3.292075349e+00 0.000000000e+00 2.430764573e-06
 1.179319478e-01 3.293346457e+00 0.000000000e+00 -2.430734341e-06
 1.179332078e-01 3.293349563e+00 0.000000000e+00 2.430764313e-06
 1.184359478e-01 3.294558194e+00 0.000000000e+00 -2.430734588e-06
 1.184372078e-01 3.294561147e+00 0.000000000e+00 2.430764066e-06
 1.189399478e-01 3.295710373e+00 0.000000000e+00 -2.430734823e-06
 1.189412078e-01 3.295713181e+00 0.000000000e+00 2.430763831e-06
 1.189424678e-01 3.295715989e+00 0.000000000e+00 -2.430734824e-06
 1.189437278e-01 3.295718797e+00 0.000000000e+00 2.430763830e-06
 1.194439478e-01 3.296805921e+00 0.000000000e+00 -2.430735046e-06
 1.194452078e-01 3.296808592e+00 0.000000000e+00 2.430763608e-06
 1.194464678e-01 3.296811262e+00 0.000000000e+00 -2.430735047e-06
 1.194477278e-01 3.296813931e+00 0.000000000e+00 2.430763607e-06
 1.199479478e-01 3.297847623e+00 0.000000000e+00 -2.430735258e-06
 1.199492078e-01 3.297850162e+00 0.000000000e+00 2.430763396e-06
 1.199504678e-01 3.297852701e+00 0.000000000e+00 -2.430735259e-06
 1.199517278e-01 3.297855239e+00 0.000000000e+00 2.430763394e-06
 1.204519478e-01 3.298838124e+00 0.000000000e+00 -2.430735460e-06
 1.204532078e-01 3.298840538e+00 0.000000000e+00 2.430763194e-06
 1.204544678e-01 3.298842952e+00 0.000000000e+00 -2.430735461e-06
 1.204557278e-01 3.298845365e+00 0.000000000e+00 2.430763193e-06
 1.209559478e-01 3.299779941e+00 0.000000000e+00 -2.430735652e-06
 1.209572078e-01 3.299782236e+00 0.000000000e+00 2.430763002e-06
 1.209584678e-01 3.299784531e+00 0.000000000e+00 -2.430735653e-06
 1.209597278e-01 3.299786826e+00 0.000000000e+00 2.430763001e-06
 1.214624678e-01 3.300679831e+00 0.000000000e+00 -2.430735835e-06
 1.214637278e-01 3.300682014e+00 0.000000000e+00 2.430762819e-06
 1.219664678e-01 3.301531127e+00 0.000000000e+00 -2.430736009e-06
 1.219677278e-01 3.301533202e+00 0.000000000e+00 2.430762645e-06
 1.224704678e-01 3.302340580e+00 0.000000000e+00 -2.430736173e-06
 1.224717278e-01 3.302342553e+00 0.000000000e+00 2.430762481e-06
 1.229744678e-01 3.303110248e+00 0.000000000e+00 -2.430736330e-06
 1.229757278e-01 3.303112124e+00 0.000000000e+00 2.430762324e-06
 1.234784678e-01 3.303842086e+00 0.000000000e+00 -2.430736479e-06
 1.234797278e-01 3.303843870e+00 0.000000000e+00 2.430762175e-06
 1.239824678e-01 3.304537954e+00 0.000000000e+00 -2.430736620e-06
 1.239837278e-01 3.304539650e+00 0.000000000e+00 2.430762033e-06
 1.239849878e-01 3.304541346e+00 0.000000000e+00 -2.430736621e-06
 1.239862478e-01 3.304543041e+00 0.000000000e+00 2.430762033e-06
 1.244864678e-01 3.305199619e+00 0.000000000e+00 -2.430736755e-06
 1.244877278e-01 3.305201231e+00 0.000000000e+00 2.430761899e-06
 1.244889878e-01 3.305202844e+00 0.000000000e+00 -2.430736756e-06
 1.244902478e-01 3.305204456e+00 0.000000000e+00 2.430761898e-06
 1.249904678e-01 3.305828762e+00 0.000000000e+00 -2.430736883e-06
 1.249917278e-01 3.305830296e+00 0.000000000e+00 2.430761771e-06
 1.249929878e-01 3.305831829e+00 0.000000000e+00 -2.430736884e-06
 1.249942478e-01 3.305833362e+00 0.000000000e+00 2.430761770e-06
 1.254944678e-01 3.306426983e+00 0.000000000e+00 -2.430737005e-06
 1.254957278e-01 3.306428441e+00 0.000000000e+00 2.430761649e-06
 1.254969878e-01 3.306429899e+00 0.000000000e+00 -2.430737005e-06
 1.254982478e-01 3.306431357e+00 0.000000000e+00 2.430761649e-06
 1.260000000e-01 3.306997486e+00 0.000000000e+00 -2.430737121e-06
