 time v(n_en) v(n__3v3)
 0.000000000e+00 0.000000000e+00 0.000000000e+00
 2.887406722e-04 1.369909952e-02 9.580415503e-01
 2.927906722e-04 1.408420140e-02 9.714794503e-01
 6.127406722e-04 6.103436923e-02 2.033073550e+00
 6.167906722e-04 6.183560402e-02 2.046511450e+00
 9.367406722e-04 1.411333748e-01 3.108105550e+00
 9.407906722e-04 1.423374759e-01 3.121543450e+00
 1.000000000e-03 1.605054899e-01 3.318000000e+00
 1.249075000e-03 2.381794354e-01 3.318000000e+00
 1.253125000e-03 2.394265102e-01 3.318000000e+00
 1.573075000e-03 3.363664048e-01 3.318000000e+00
 1.577125000e-03 3.375737219e-01 3.318000000e+00
 1.897075000e-03 4.314231005e-01 3.318000000e+00
 1.901125000e-03 4.325919275e-01 3.318000000e+00
 2.221075000e-03 5.234493181e-01 3.318000000e+00
 2.225125000e-03 5.245808820e-01 3.318000000e+00
 2.545075000e-03 6.125416715e-01 3.318000000e+00
 2.549125000e-03 6.136371603e-01 3.318000000e+00
 2.869075000e-03 6.987936943e-01 3.318000000e+00
 2.873125000e-03 6.998542581e-01 3.318000000e+00
 3.193075000e-03 7.822959385e-01 3.318000000e+00
 3.197125000e-03 7.833226908e-01 3.318000000e+00
 3.517075000e-03 8.631360691e-01 3.318000000e+00
 3.521125000e-03 8.641300877e-01 3.318000000e+00
 3.841075000e-03 9.413989561e-01 3.318000000e+00
 3.845125000e-03 9.423612847e-01 3.318000000e+00
 4.165075000e-03 1.017166764e+00 3.318000000e+00
 4.169125000e-03 1.018098413e+00 3.318000000e+00
 4.489075000e-03 1.090519038e+00 3.318000000e+00
 4.493125000e-03 1.091420985e+00 3.318000000e+00
 4.813075000e-03 1.161532787e+00 3.318000000e+00
 4.817125000e-03 1.162405979e+00 3.318000000e+00
 5.137075000e-03 1.230282565e+00 3.318000000e+00
 5.141125000e-03 1.231127919e+00 3.318000000e+00
 5.461075000e-03 1.296840548e+00 3.318000000e+00
 5.465125000e-03 1.297658952e+00 3.318000000e+00
 5.785075000e-03 1.361276614e+00 3.318000000e+00
 5.789125000e-03 1.362068927e+00 3.318000000e+00
 6.109075000e-03 1.423658410e+00 3.318000000e+00
 6.113125000e-03 1.424425463e+00 3.318000000e+00
 6.433075000e-03 1.484051428e+00 3.318000000e+00
 6.437125000e-03 1.484794027e+00 3.318000000e+00
 6.761125000e-03 1.543237996e+00 3.318000000e+00
 6.765175000e-03 1.543956629e+00 3.318000000e+00
 7.085125000e-03 1.599818727e+00 3.318000000e+00
 7.089175000e-03 1.600514450e+00 3.318000000e+00
 7.409125000e-03 1.654595623e+00 3.318000000e+00
 7.413175000e-03 1.655269166e+00 3.318000000e+00
 7.733125000e-03 1.707626191e+00 3.318000000e+00
 7.737175000e-03 1.708278260e+00 3.318000000e+00
 8.057125000e-03 1.758966105e+00 3.318000000e+00
 8.061175000e-03 1.759597386e+00 3.318000000e+00
 8.381125000e-03 1.808669264e+00 3.318000000e+00
 8.385175000e-03 1.809280419e+00 3.318000000e+00
 8.705125000e-03 1.856787850e+00 3.318000000e+00
 8.709175000e-03 1.857379521e+00 3.318000000e+00
 9.029125000e-03 1.903372379e+00 3.318000000e+00
 9.033175000e-03 1.903945187e+00 3.318000000e+00
 9.353125000e-03 1.948471758e+00 3.318000000e+00
 9.357175000e-03 1.949026305e+00 3.318000000e+00
 9.677125000e-03 1.992133336e+00 3.318000000e+00
 9.681175000e-03 1.992670204e+00 3.318000000e+00
 1.000112500e-02 2.034402951e+00 3.318000000e+00
 1.000517500e-02 2.034922702e+00 3.318000000e+00
 1.032512500e-02 2.075324978e+00 3.318000000e+00
 1.032917500e-02 2.075828160e+00 3.318000000e+00
 1.064912500e-02 2.114942381e+00 3.318000000e+00
 1.065317500e-02 2.115429521e+00 3.318000000e+00
 1.097312500e-02 2.153296752e+00 3.318000000e+00
 1.097717500e-02 2.153768361e+00 3.318000000e+00
 1.129712500e-02 2.190428357e+00 3.318000000e+00
 1.130117500e-02 2.190884931e+00 3.318000000e+00
 1.162112500e-02 2.226376178e+00 3.318000000e+00
 1.162517500e-02 2.226818197e+00 3.318000000e+00
 1.194512500e-02 2.261177957e+00 3.318000000e+00
 1.194917500e-02 2.261605883e+00 3.318000000e+00
 1.226912500e-02 2.294870229e+00 3.318000000e+00
 1.227317500e-02 2.295284512e+00 3.318000000e+00
 1.259312500e-02 2.327488366e+00 3.318000000e+00
 1.259717500e-02 2.327889442e+00 3.318000000e+00
 1.291712500e-02 2.359066612e+00 3.318000000e+00
 1.292117500e-02 2.359454902e+00 3.318000000e+00
 1.324112500e-02 2.389638121e+00 3.318000000e+00
 1.324517500e-02 2.390014031e+00 3.318000000e+00
 1.356917500e-02 2.419598913e+00 3.318000000e+00
 1.357322500e-02 2.419962692e+00 3.318000000e+00
 1.389317500e-02 2.448240607e+00 3.318000000e+00
 1.389722500e-02 2.448592788e+00 3.318000000e+00
 1.421717500e-02 2.475969183e+00 3.318000000e+00
 1.422122500e-02 2.476310136e+00 3.318000000e+00
 1.454117500e-02 2.502813750e+00 3.318000000e+00
 1.454522500e-02 2.503143834e+00 3.318000000e+00
 1.486517500e-02 2.528802493e+00 3.318000000e+00
 1.486922500e-02 2.529122053e+00 3.318000000e+00
 1.518917500e-02 2.553962696e+00 3.318000000e+00
 1.519322500e-02 2.554272068e+00 3.318000000e+00
 1.551317500e-02 2.578320772e+00 3.318000000e+00
 1.551722500e-02 2.578620282e+00 3.318000000e+00
 1.583717500e-02 2.601902295e+00 3.318000000e+00
 1.584122500e-02 2.602192256e+00 3.318000000e+00
 1.616117500e-02 2.624732021e+00 3.318000000e+00
 1.616522500e-02 2.625012738e+00 3.318000000e+00
 1.648517500e-02 2.646833919e+00 3.318000000e+00
 1.648922500e-02 2.647105687e+00 3.318000000e+00
 1.680917500e-02 2.668231192e+00 3.318000000e+00
 1.681322500e-02 2.668494295e+00 3.318000000e+00
 1.713317500e-02 2.688946304e+00 3.318000000e+00
 1.713722500e-02 2.689201019e+00 3.318000000e+00
 1.745717500e-02 2.709001003e+00 3.318000000e+00
 1.746122500e-02 2.709247597e+00 3.318000000e+00
 1.778117500e-02 2.728416343e+00 3.318000000e+00
 1.778522500e-02 2.728655076e+00 3.318000000e+00
 1.810517500e-02 2.747212707e+00 3.318000000e+00
 1.810922500e-02 2.747443829e+00 3.318000000e+00
 1.842917500e-02 2.765409829e+00 3.318000000e+00
 1.843322500e-02 2.765633583e+00 3.318000000e+00
 1.875317500e-02 2.783026814e+00 3.318000000e+00
 1.875722500e-02 2.783243434e+00 3.318000000e+00
 1.907717500e-02 2.800082156e+00 3.318000000e+00
 1.908122500e-02 2.800291870e+00 3.318000000e+00
 1.940117500e-02 2.816593761e+00 3.318000000e+00
 1.940522500e-02 2.816796790e+00 3.318000000e+00
 1.972517500e-02 2.832578964e+00 3.318000000e+00
 1.972922500e-02 2.832775520e+00 3.318000000e+00
 2.004917500e-02 2.848054547e+00 3.318000000e+00
 2.005322500e-02 2.848244836e+00 3.318000000e+00
 2.037722500e-02 2.863220979e+00 3.318000000e+00
 2.038127500e-02 2.863405127e+00 3.318000000e+00
 2.070122500e-02 2.877719671e+00 3.318000000e+00
 2.070527500e-02 2.877897949e+00 3.318000000e+00
 2.102522500e-02 2.891756135e+00 3.318000000e+00
 2.102927500e-02 2.891928728e+00 3.318000000e+00
 2.134922500e-02 2.905345105e+00 3.318000000e+00
 2.135327500e-02 2.905512197e+00 3.318000000e+00
 2.167322500e-02 2.918500849e+00 3.318000000e+00
 2.167727500e-02 2.918662613e+00 3.318000000e+00
 2.199722500e-02 2.931237178e+00 3.318000000e+00
 2.200127500e-02 2.931393785e+00 3.318000000e+00
 2.232122500e-02 2.943567463e+00 3.318000000e+00
 2.232527500e-02 2.943719078e+00 3.318000000e+00
 2.264522500e-02 2.955504650e+00 3.318000000e+00
 2.264927500e-02 2.955651431e+00 3.318000000e+00
 2.296922500e-02 2.967061270e+00 3.318000000e+00
 2.297327500e-02 2.967203372e+00 3.318000000e+00
 2.329322500e-02 2.978249457e+00 3.318000000e+00
 2.329727500e-02 2.978387028e+00 3.318000000e+00
 2.361722500e-02 2.989080956e+00 3.318000000e+00
 2.362127500e-02 2.989214141e+00 3.318000000e+00
 2.394122500e-02 2.999567139e+00 3.318000000e+00
 2.394527500e-02 2.999696078e+00 3.318000000e+00
 2.426522500e-02 3.009719014e+00 3.318000000e+00
 2.426927500e-02 3.009843843e+00 3.318000000e+00
 2.458922500e-02 3.019547240e+00 3.318000000e+00
 2.459327500e-02 3.019668089e+00 3.318000000e+00
 2.491322500e-02 3.029062135e+00 3.318000000e+00
 2.491727500e-02 3.029179131e+00 3.318000000e+00
 2.523722500e-02 3.038273688e+00 3.318000000e+00
 2.524127500e-02 3.038386954e+00 3.318000000e+00
 2.556122500e-02 3.047191570e+00 3.318000000e+00
 2.556527500e-02 3.047301225e+00 3.318000000e+00
 2.588522500e-02 3.055825143e+00 3.318000000e+00
 2.588927500e-02 3.055931302e+00 3.318000000e+00
 2.620922500e-02 3.064183472e+00 3.318000000e+00
 2.621327500e-02 3.064286247e+00 3.318000000e+00
 2.653322500e-02 3.072275330e+00 3.318000000e+00
 2.653727500e-02 3.072374829e+00 3.318000000e+00
 2.685722500e-02 3.080109214e+00 3.318000000e+00
 2.686127500e-02 3.080205541e+00 3.318000000e+00
 2.718527500e-02 3.087786604e+00 3.318000000e+00
 2.718932500e-02 3.087879821e+00 3.318000000e+00
 2.750927500e-02 3.095125977e+00 3.318000000e+00
 2.751332500e-02 3.095216223e+00 3.318000000e+00
 2.783327500e-02 3.102231366e+00 3.318000000e+00
 2.783732500e-02 3.102318734e+00 3.318000000e+00
 2.815727500e-02 3.109110229e+00 3.318000000e+00
 2.816132500e-02 3.109194812e+00 3.318000000e+00
 2.848127500e-02 3.115769789e+00 3.318000000e+00
 2.848532500e-02 3.115851676e+00 3.318000000e+00
 2.880527500e-02 3.122217038e+00 3.318000000e+00
 2.880932500e-02 3.122296314e+00 3.318000000e+00
 2.912927500e-02 3.128458743e+00 3.318000000e+00
 2.913332500e-02 3.128535492e+00 3.318000000e+00
 2.945327500e-02 3.134501458e+00 3.318000000e+00
 2.945732500e-02 3.134575760e+00 3.318000000e+00
 2.977727500e-02 3.140351527e+00 3.318000000e+00
 2.978132500e-02 3.140423461e+00 3.318000000e+00
 3.010127500e-02 3.146015092e+00 3.318000000e+00
 3.010532500e-02 3.146084732e+00 3.318000000e+00
 3.042527500e-02 3.151498098e+00 3.318000000e+00
 3.042932500e-02 3.151565517e+00 3.318000000e+00
 3.074927500e-02 3.156806301e+00 3.318000000e+00
 3.075332500e-02 3.156871571e+00 3.318000000e+00
 3.107327500e-02 3.161945275e+00 3.318000000e+00
 3.107732500e-02 3.162008464e+00 3.318000000e+00
 3.139727500e-02 3.166920415e+00 3.318000000e+00
 3.140132500e-02 3.166981589e+00 3.318000000e+00
 3.172127500e-02 3.171736943e+00 3.318000000e+00
 3.172532500e-02 3.171796168e+00 3.318000000e+00
 3.204527500e-02 3.176399917e+00 3.318000000e+00
 3.204932500e-02 3.176457254e+00 3.318000000e+00
 3.236927500e-02 3.180914232e+00 3.318000000e+00
 3.237332500e-02 3.180969741e+00 3.318000000e+00
 3.269327500e-02 3.185284627e+00 3.318000000e+00
 3.269732500e-02 3.185338366e+00 3.318000000e+00
 3.301727500e-02 3.189515691e+00 3.318000000e+00
 3.302132500e-02 3.189567717e+00 3.318000000e+00
 3.334127500e-02 3.193611865e+00 3.318000000e+00
 3.334532500e-02 3.193662232e+00 3.318000000e+00
 3.366527500e-02 3.197577450e+00 3.318000000e+00
 3.366932500e-02 3.197626212e+00 3.318000000e+00
 3.399332500e-02 3.201463817e+00 3.318000000e+00
 3.399737500e-02 3.201511004e+00 3.318000000e+00
 3.431732500e-02 3.205179076e+00 3.318000000e+00
 3.432137500e-02 3.205224759e+00 3.318000000e+00
 3.464132500e-02 3.208775890e+00 3.318000000e+00
 3.464537500e-02 3.208820116e+00 3.318000000e+00
 3.496532500e-02 3.212258034e+00 3.318000000e+00
 3.496937500e-02 3.212300851e+00 3.318000000e+00
 3.528932500e-02 3.215629166e+00 3.318000000e+00
 3.529337500e-02 3.215670618e+00 3.318000000e+00
 3.561332500e-02 3.218892823e+00 3.318000000e+00
 3.561737500e-02 3.218932953e+00 3.318000000e+00
 3.593732500e-02 3.222052433e+00 3.318000000e+00
 3.594137500e-02 3.222091284e+00 3.318000000e+00
 3.626132500e-02 3.225111311e+00 3.318000000e+00
 3.626537500e-02 3.225148924e+00 3.318000000e+00
 3.658532500e-02 3.228072671e+00 3.318000000e+00
 3.658937500e-02 3.228109084e+00 3.318000000e+00
 3.690932500e-02 3.230939620e+00 3.318000000e+00
 3.691337500e-02 3.230974872e+00 3.318000000e+00
 3.723332500e-02 3.233715168e+00 3.318000000e+00
 3.723737500e-02 3.233749297e+00 3.318000000e+00
 3.755732500e-02 3.236402231e+00 3.318000000e+00
 3.756137500e-02 3.236435271e+00 3.318000000e+00
 3.788132500e-02 3.239003627e+00 3.318000000e+00
 3.788537500e-02 3.239035614e+00 3.318000000e+00
 3.820532500e-02 3.241522089e+00 3.318000000e+00
 3.820937500e-02 3.241553056e+00 3.318000000e+00
 3.852932500e-02 3.243960261e+00 3.318000000e+00
 3.853337500e-02 3.243990241e+00 3.318000000e+00
 3.885332500e-02 3.246320702e+00 3.318000000e+00
 3.885737500e-02 3.246349726e+00 3.318000000e+00
 3.917732500e-02 3.248605890e+00 3.318000000e+00
 3.918137500e-02 3.248633989e+00 3.318000000e+00
 3.950132500e-02 3.250818225e+00 3.318000000e+00
 3.950537500e-02 3.250845428e+00 3.318000000e+00
 3.982532500e-02 3.252960029e+00 3.318000000e+00
 3.982937500e-02 3.252986364e+00 3.318000000e+00
 4.014932500e-02 3.255033550e+00 3.318000000e+00
 4.015337500e-02 3.255059046e+00 3.318000000e+00
 4.047737500e-02 3.257065650e+00 3.318000000e+00
 4.048142500e-02 3.257090323e+00 3.318000000e+00
 4.080137500e-02 3.259008281e+00 3.318000000e+00
 4.080542500e-02 3.259032168e+00 3.318000000e+00
 4.112537500e-02 3.260888980e+00 3.318000000e+00
 4.112942500e-02 3.260912105e+00 3.318000000e+00
 4.144937500e-02 3.262709721e+00 3.318000000e+00
 4.145342500e-02 3.262732109e+00 3.318000000e+00
 4.177337500e-02 3.264472415e+00 3.318000000e+00
 4.177742500e-02 3.264494089e+00 3.318000000e+00
 4.209737500e-02 3.266178913e+00 3.318000000e+00
 4.210142500e-02 3.266199896e+00 3.318000000e+00
 4.242137500e-02 3.267831007e+00 3.318000000e+00
 4.242542500e-02 3.267851321e+00 3.318000000e+00
 4.274537500e-02 3.269430431e+00 3.318000000e+00
 4.274942500e-02 3.269450097e+00 3.318000000e+00
 4.306937500e-02 3.270978864e+00 3.318000000e+00
 4.307342500e-02 3.270997903e+00 3.318000000e+00
 4.339337500e-02 3.272477931e+00 3.318000000e+00
 4.339742500e-02 3.272496364e+00 3.318000000e+00
 4.371737500e-02 3.273929208e+00 3.318000000e+00
 4.372142500e-02 3.273947053e+00 3.318000000e+00
 4.404137500e-02 3.275334216e+00 3.318000000e+00
 4.404542500e-02 3.275351492e+00 3.318000000e+00
 4.436537500e-02 3.276694432e+00 3.318000000e+00
 4.436942500e-02 3.276711157e+00 3.318000000e+00
 4.468937500e-02 3.278011283e+00 3.318000000e+00
 4.469342500e-02 3.278027475e+00 3.318000000e+00
 4.501337500e-02 3.279286152e+00 3.318000000e+00
 4.501742500e-02 3.279301828e+00 3.318000000e+00
 4.533737500e-02 3.280520377e+00 3.318000000e+00
 4.534142500e-02 3.280535554e+00 3.318000000e+00
 4.566137500e-02 3.281715255e+00 3.318000000e+00
 4.566542500e-02 3.281729947e+00 3.318000000e+00
 4.598537500e-02 3.282872038e+00 3.318000000e+00
 4.598942500e-02 3.282886262e+00 3.318000000e+00
 4.630937500e-02 3.283991943e+00 3.318000000e+00
 4.631342500e-02 3.284005713e+00 3.318000000e+00
 4.663337500e-02 3.285076144e+00 3.318000000e+00
 4.663742500e-02 3.285089475e+00 3.318000000e+00
 4.695737500e-02 3.286125780e+00 3.318000000e+00
 4.696142500e-02 3.286138686e+00 3.318000000e+00
 4.728542500e-02 3.287154448e+00 3.318000000e+00
 4.728947500e-02 3.287166937e+00 3.318000000e+00
 4.760942500e-02 3.288137826e+00 3.318000000e+00
 4.761347500e-02 3.288149917e+00 3.318000000e+00
 4.793342500e-02 3.289089853e+00 3.318000000e+00
 4.793747500e-02 3.289101559e+00 3.318000000e+00
 4.825742500e-02 3.290011529e+00 3.318000000e+00
 4.826147500e-02 3.290022862e+00 3.318000000e+00
 4.858142500e-02 3.290903821e+00 3.318000000e+00
 4.858547500e-02 3.290914793e+00 3.318000000e+00
 4.890542500e-02 3.291767666e+00 3.318000000e+00
 4.890947500e-02 3.291778288e+00 3.318000000e+00
 4.922942500e-02 3.292603972e+00 3.318000000e+00
 4.923347500e-02 3.292614255e+00 3.318000000e+00
 4.955342500e-02 3.293413615e+00 3.318000000e+00
 4.955747500e-02 3.293423570e+00 3.318000000e+00
 4.987742500e-02 3.294197446e+00 3.318000000e+00
 4.988147500e-02 3.294207084e+00 3.318000000e+00
 5.020142500e-02 3.294956288e+00 3.318000000e+00
 5.020547500e-02 3.294965619e+00 3.318000000e+00
 5.052542500e-02 3.295690938e+00 3.318000000e+00
 5.052947500e-02 3.295699971e+00 3.318000000e+00
 5.084942500e-02 3.296402166e+00 3.318000000e+00
 5.085347500e-02 3.296410912e+00 3.318000000e+00
 5.117342500e-02 3.297090720e+00 3.318000000e+00
 5.117747500e-02 3.297099187e+00 3.318000000e+00
 5.149742500e-02 3.297757322e+00 3.318000000e+00
 5.150147500e-02 3.297765519e+00 3.318000000e+00
 5.182142500e-02 3.298402673e+00 3.318000000e+00
 5.182547500e-02 3.298410608e+00 3.318000000e+00
 5.214542500e-02 3.299027449e+00 3.318000000e+00
 5.214947500e-02 3.299035132e+00 3.318000000e+00
 5.246942500e-02 3.299632307e+00 3.318000000e+00
 5.247347500e-02 3.299639745e+00 3.318000000e+00
 5.279342500e-02 3.300217882e+00 3.318000000e+00
 5.279747500e-02 3.300225082e+00 3.318000000e+00
 5.311742500e-02 3.300784788e+00 3.318000000e+00
 5.312147500e-02 3.300791759e+00 3.318000000e+00
 5.344142500e-02 3.301333621e+00 3.318000000e+00
 5.344547500e-02 3.301340369e+00 3.318000000e+00
 5.376542500e-02 3.301864956e+00 3.318000000e+00
 5.376947500e-02 3.301871490e+00 3.318000000e+00
 5.409347500e-02 3.302385677e+00 3.318000000e+00
 5.409752500e-02 3.302392000e+00 3.318000000e+00
 5.441747500e-02 3.302883473e+00 3.318000000e+00
 5.442152500e-02 3.302889594e+00 3.318000000e+00
 5.474147500e-02 3.303365398e+00 3.318000000e+00
 5.474552500e-02 3.303371323e+00 3.318000000e+00
 5.506547500e-02 3.303831959e+00 3.318000000e+00
 5.506952500e-02 3.303837695e+00 3.318000000e+00
 5.538947500e-02 3.304283645e+00 3.318000000e+00
 5.539352500e-02 3.304289199e+00 3.318000000e+00
 5.571347500e-02 3.304720932e+00 3.318000000e+00
 5.571752500e-02 3.304726309e+00 3.318000000e+00
 5.603747500e-02 3.305144277e+00 3.318000000e+00
 5.604152500e-02 3.305149483e+00 3.318000000e+00
 5.636147500e-02 3.305554126e+00 3.318000000e+00
 5.636552500e-02 3.305559166e+00 3.318000000e+00
 5.668547500e-02 3.305950909e+00 3.318000000e+00
 5.668952500e-02 3.305955788e+00 3.318000000e+00
 5.700947500e-02 3.306335042e+00 3.318000000e+00
 5.701352500e-02 3.306339765e+00 3.318000000e+00
 5.733347500e-02 3.306706928e+00 3.318000000e+00
 5.733752500e-02 3.306711501e+00 3.318000000e+00
 5.765747500e-02 3.307066959e+00 3.318000000e+00
 5.766152500e-02 3.307071386e+00 3.318000000e+00
 5.798147500e-02 3.307415511e+00 3.318000000e+00
 5.798552500e-02 3.307419797e+00 3.318000000e+00
 5.830547500e-02 3.307752952e+00 3.318000000e+00
 5.830952500e-02 3.307757101e+00 3.318000000e+00
 5.862947500e-02 3.308079634e+00 3.318000000e+00
 5.863352500e-02 3.308083651e+00 3.318000000e+00
 5.895347500e-02 3.308395902e+00 3.318000000e+00
 5.895752500e-02 3.308399791e+00 3.318000000e+00
 5.927747500e-02 3.308702086e+00 3.318000000e+00
 5.928152500e-02 3.308705851e+00 3.318000000e+00
 5.960147500e-02 3.308998510e+00 3.318000000e+00
 5.960552500e-02 3.309002154e+00 3.318000000e+00
 5.992547500e-02 3.309285483e+00 3.318000000e+00
 5.992952500e-02 3.309289012e+00 3.318000000e+00
 6.024947500e-02 3.309563307e+00 3.318000000e+00
 6.025352500e-02 3.309566723e+00 3.318000000e+00
 6.057347500e-02 3.309832274e+00 3.318000000e+00
 6.057752500e-02 3.309835581e+00 3.318000000e+00
 6.090152500e-02 3.310095868e+00 3.318000000e+00
 6.090557500e-02 3.310099069e+00 3.318000000e+00
 6.122552500e-02 3.310347856e+00 3.318000000e+00
 6.122957500e-02 3.310350955e+00 3.318000000e+00
 6.154952500e-02 3.310591812e+00 3.318000000e+00
 6.155357500e-02 3.310594811e+00 3.318000000e+00
 6.187352500e-02 3.310827989e+00 3.318000000e+00
 6.187757500e-02 3.310830893e+00 3.318000000e+00
 6.219752500e-02 3.311056637e+00 3.318000000e+00
 6.220157500e-02 3.311059449e+00 3.318000000e+00
 6.252152500e-02 3.311277995e+00 3.318000000e+00
 6.252557500e-02 3.311280717e+00 3.318000000e+00
 6.284552500e-02 3.311492297e+00 3.318000000e+00
 6.284957500e-02 3.311494932e+00 3.318000000e+00
 6.316952500e-02 3.311699766e+00 3.318000000e+00
 6.317357500e-02 3.311702317e+00 3.318000000e+00
 6.349352500e-02 3.311900621e+00 3.318000000e+00
 6.349757500e-02 3.311903091e+00 3.318000000e+00
 6.381752500e-02 3.312095073e+00 3.318000000e+00
 6.382157500e-02 3.312097464e+00 3.318000000e+00
 6.414152500e-02 3.312283326e+00 3.318000000e+00
 6.414557500e-02 3.312285640e+00 3.318000000e+00
 6.446552500e-02 3.312465576e+00 3.318000000e+00
 6.446957500e-02 3.312467817e+00 3.318000000e+00
 6.478952500e-02 3.312642017e+00 3.318000000e+00
 6.479357500e-02 3.312644186e+00 3.318000000e+00
 6.511352500e-02 3.312812832e+00 3.318000000e+00
 6.511757500e-02 3.312814932e+00 3.318000000e+00
 6.543752500e-02 3.312978202e+00 3.318000000e+00
 6.544157500e-02 3.312980235e+00 3.318000000e+00
 6.576152500e-02 3.313138299e+00 3.318000000e+00
 6.576557500e-02 3.313140268e+00 3.318000000e+00
 6.608552500e-02 3.313293293e+00 3.318000000e+00
 6.608957500e-02 3.313295199e+00 3.318000000e+00
 6.640952500e-02 3.313443345e+00 3.318000000e+00
 6.641357500e-02 3.313445190e+00 3.318000000e+00
 6.673352500e-02 3.313588614e+00 3.318000000e+00
 6.673757500e-02 3.313590400e+00 3.318000000e+00
 6.705752500e-02 3.313729251e+00 3.318000000e+00
 6.706157500e-02 3.313730980e+00 3.318000000e+00
 6.738152500e-02 3.313865405e+00 3.318000000e+00
 6.738557500e-02 3.313867079e+00 3.318000000e+00
 6.770957500e-02 3.313998838e+00 3.318000000e+00
 6.771362500e-02 3.314000458e+00 3.318000000e+00
 6.803357500e-02 3.314126397e+00 3.318000000e+00
 6.803762500e-02 3.314127966e+00 3.318000000e+00
 6.835757500e-02 3.314249890e+00 3.318000000e+00
 6.836162500e-02 3.314251408e+00 3.318000000e+00
 6.868157500e-02 3.314369445e+00 3.318000000e+00
 6.868562500e-02 3.314370915e+00 3.318000000e+00
 6.900557500e-02 3.314485188e+00 3.318000000e+00
 6.900962500e-02 3.314486612e+00 3.318000000e+00
 6.932957500e-02 3.314597242e+00 3.318000000e+00
 6.933362500e-02 3.314598620e+00 3.318000000e+00
 6.965357500e-02 3.314705724e+00 3.318000000e+00
 6.965762500e-02 3.314707058e+00 3.318000000e+00
 6.997757500e-02 3.314810747e+00 3.318000000e+00
 6.998162500e-02 3.314812038e+00 3.318000000e+00
 7.030157500e-02 3.314912421e+00 3.318000000e+00
 7.030562500e-02 3.314913671e+00 3.318000000e+00
 7.062557500e-02 3.315010855e+00 3.318000000e+00
 7.062962500e-02 3.315012065e+00 3.318000000e+00
 7.094957500e-02 3.315106150e+00 3.318000000e+00
 7.095362500e-02 3.315107321e+00 3.318000000e+00
 7.127357500e-02 3.315198407e+00 3.318000000e+00
 7.127762500e-02 3.315199541e+00 3.318000000e+00
 7.159757500e-02 3.315287722e+00 3.318000000e+00
 7.160162500e-02 3.315288821e+00 3.318000000e+00
 7.192157500e-02 3.315374191e+00 3.318000000e+00
 7.192562500e-02 3.315375254e+00 3.318000000e+00
 7.224557500e-02 3.315457903e+00 3.318000000e+00
 7.224962500e-02 3.315458932e+00 3.318000000e+00
 7.256957500e-02 3.315538946e+00 3.318000000e+00
 7.257362500e-02 3.315539942e+00 3.318000000e+00
 7.289357500e-02 3.315617405e+00 3.318000000e+00
 7.289762500e-02 3.315618369e+00 3.318000000e+00
 7.321757500e-02 3.315693362e+00 3.318000000e+00
 7.322162500e-02 3.315694296e+00 3.318000000e+00
 7.354157500e-02 3.315766899e+00 3.318000000e+00
 7.354562500e-02 3.315767803e+00 3.318000000e+00
 7.386557500e-02 3.315838091e+00 3.318000000e+00
 7.386962500e-02 3.315838966e+00 3.318000000e+00
 7.418957500e-02 3.315907013e+00 3.318000000e+00
 7.419362500e-02 3.315907860e+00 3.318000000e+00
 7.451762500e-02 3.315974558e+00 3.318000000e+00
 7.452167500e-02 3.315975378e+00 3.318000000e+00
 7.484162500e-02 3.316039130e+00 3.318000000e+00
 7.484567500e-02 3.316039924e+00 3.318000000e+00
 7.516562500e-02 3.316101643e+00 3.318000000e+00
 7.516967500e-02 3.316102411e+00 3.318000000e+00
 7.548962500e-02 3.316162163e+00 3.318000000e+00
 7.549367500e-02 3.316162907e+00 3.318000000e+00
 7.581362500e-02 3.316220753e+00 3.318000000e+00
 7.581767500e-02 3.316221474e+00 3.318000000e+00
 7.613762500e-02 3.316277476e+00 3.318000000e+00
 7.614167500e-02 3.316278173e+00 3.318000000e+00
 7.646162500e-02 3.316332390e+00 3.318000000e+00
 7.646567500e-02 3.316333065e+00 3.318000000e+00
 7.678562500e-02 3.316385554e+00 3.318000000e+00
 7.678967500e-02 3.316386207e+00 3.318000000e+00
 7.710962500e-02 3.316437023e+00 3.318000000e+00
 7.711367500e-02 3.316437655e+00 3.318000000e+00
 7.743362500e-02 3.316486850e+00 3.318000000e+00
 7.743767500e-02 3.316487463e+00 3.318000000e+00
 7.775762500e-02 3.316535090e+00 3.318000000e+00
 7.776167500e-02 3.316535683e+00 3.318000000e+00
 7.808162500e-02 3.316581791e+00 3.318000000e+00
 7.808567500e-02 3.316582365e+00 3.318000000e+00
 7.840562500e-02 3.316627003e+00 3.318000000e+00
 7.840967500e-02 3.316627559e+00 3.318000000e+00
 7.872962500e-02 3.316670775e+00 3.318000000e+00
 7.873367500e-02 3.316671313e+00 3.318000000e+00
 7.905362500e-02 3.316713150e+00 3.318000000e+00
 7.905767500e-02 3.316713671e+00 3.318000000e+00
 7.937762500e-02 3.316754175e+00 3.318000000e+00
 7.938167500e-02 3.316754679e+00 3.318000000e+00
 7.970162500e-02 3.316793892e+00 3.318000000e+00
 7.970567500e-02 3.316794380e+00 3.318000000e+00
 8.002562500e-02 3.316832342e+00 3.318000000e+00
 8.002967500e-02 3.316832815e+00 3.318000000e+00
 8.034962500e-02 3.316869567e+00 3.318000000e+00
 8.035367500e-02 3.316870025e+00 3.318000000e+00
 8.067362500e-02 3.316905605e+00 3.318000000e+00
 8.067767500e-02 3.316906048e+00 3.318000000e+00
 8.100000000e-02 3.316940746e+00 3.318000000e+00
